aa -30 3 -1
ab -30 4 3
ac -30 4 3
ad -30 3 -1
ae -30 3 -1
af -30 3 -1
ag -30 1 4
ah -30 4 3
ai 4 0 -1
aj 4 3 -2
ak -30 1 4
al 4 0 -1
am -30 1 4
an -30 4 3
ao -30 4 3
ap -30 4 3
aq -30 3 -1
ar -30 4 3
as -30 3 -1
at 4 3 -2
au -30 3 -1
av -30 3 -1
aw -30 1 4
ax -30 3 -1
ay -30 3 -1
az -30 4 3
ba -30 3 -1
bb -30 4 3
bc -30 4 3
bd -30 3 -1
be -30 4 3
bf 4 3 -2
bg -30 3 -1
bh -30 4 3
bi 4 0 -1
bj 4 3 -2
bk -30 4 3
bl 4 0 -1
bm -30 3 -1
bn -30 3 -1
bo -30 3 -1
bp -30 3 -1
bq -30 4 3
br -30 1 4
bs -30 3 -1
bt 4 3 -2
bu -30 3 -1
bv -30 3 -1
bw -30 1 4
bx -30 3 -1
by -30 3 -1
bz -30 3 -1
ca 4 3 -2
cb -30 3 -1
cc -30 3 -1
cd -30 3 -1
ce -30 3 -1
cf -30 3 -1
cg -30 3 -1
ch -30 3 -1
ci 4 0 -1
cj 4 3 -2
ck -30 3 -1
cl 4 0 -1
cm -30 3 -1
cn -30 3 -1
co -30 3 -1
cp -30 3 -1
cq -30 3 -1
cr -30 4 3
cs -30 3 -1
ct -30 3 -1
cu -30 3 -1
cv -30 3 -1
cw -30 3 -1
cx -30 3 -1
cy -30 3 -1
cz -30 3 -1
da -30 3 -1
db -30 4 3
dc -30 4 3
dd -30 3 -1
de -30 4 3
df -30 3 -1
dg -30 4 3
dh -30 3 -1
di 4 3 -2
dj -30 3 -1
dk -30 1 4
dl -30 3 -1
dm -30 3 -1
dn -30 3 -1
do -30 3 -1
dp -30 3 -1
dq -30 4 3
dr -30 1 4
ds -30 4 3
dt -30 3 -1
du -30 4 3
dv -30 3 -1
dw -30 3 -1
dx -30 4 3
dy -30 4 3
dz -30 4 3
ea -30 3 -1
eb -30 3 -1
ec -30 3 -1
ed -30 3 -1
ee -30 3 -1
ef -30 3 -1
eg -30 4 3
eh -30 3 -1
ei 4 0 -1
ej 4 3 -2
ek -30 4 3
el 4 0 -1
em -30 4 3
en -30 3 -1
eo -30 3 -1
ep -30 3 -1
eq -30 3 -1
er -30 3 -1
es -30 3 -1
et 4 3 -2
eu -30 3 -1
ev -30 3 -1
ew -30 3 -1
ex -30 3 -1
ey -30 4 3
ez -30 3 -1
fa 4 0 -1
fb -30 3 -1
fc 4 0 -1
fd 4 3 -2
fe 4 3 -2
ff 4 0 -1
fg 4 0 -1
fh -30 3 -1
fi 4 0 -1
fj 4 0 -1
fk -30 3 -1
fl 4 0 -1
fm 4 0 -1
fn 4 0 -1
fo 4 0 -1
fp 4 3 -2
fq 4 0 -1
fr 4 0 -1
fs 4 0 -1
ft -30 3 -1
fu 4 3 -2
fv 4 3 -2
fw 4 0 -1
fx -30 3 -1
fy 4 3 -2
fz -30 3 -1
ga -30 4 3
gb -30 4 3
gc -30 3 -1
gd -30 3 -1
ge -30 3 -1
gf -30 3 -1
gg -30 4 3
gh -30 1 4
gi 4 3 -2
gj -30 4 3
gk -30 1 4
gl 4 3 -2
gm -30 4 3
gn -30 3 -1
go -30 3 -1
gp -30 1 4
gq -30 3 -1
gr -30 1 4
gs -30 4 3
gt -30 3 -1
gu -30 3 -1
gv -30 3 -1
gw -30 1 4
gx -30 3 -1
gy -30 1 4
gz -30 4 3
ha -30 3 -1
hb -30 4 3
hc -30 3 -1
hd -30 3 -1
he -30 4 3
hf -30 4 3
hg -30 3 -1
hh -30 3 -1
hi 4 3 -2
hj -30 3 -1
hk -30 1 4
hl 4 3 -2
hm -30 1 4
hn -30 3 -1
ho -30 4 3
hp -30 3 -1
hq -30 4 3
hr -30 1 4
hs -30 3 -1
ht 4 3 -2
hu -30 4 3
hv -30 3 -1
hw -30 1 4
hx -30 4 3
hy -30 4 3
hz -30 4 3
ia 4 0 -1
ib 4 3 -2
ic 4 0 -1
id 4 3 -2
ie 4 3 -2
if 4 0 -1
ig 4 3 -2
ih 4 0 -1
ii 4 0 -1
ij 4 0 -1
ik 4 0 -1
il 4 0 -1
im 4 0 -1
in 4 0 -1
io 4 3 -2
ip 4 0 -1
iq 4 0 -1
ir 4 3 -2
is 4 3 -2
it 4 0 -1
iu 4 0 -1
iv 4 0 -1
iw 4 0 -1
ix 4 0 -1
iy 4 0 -1
iz 4 3 -2
ja 4 0 -1
jb 4 3 -2
jc 4 3 -2
jd 4 0 -1
je 4 0 -1
jf 4 3 -2
jg 4 3 -2
jh 4 3 -2
ji 4 0 -1
jj 4 0 -1
jk 4 3 -2
jl 4 0 -1
jm 4 0 -1
jn 4 0 -1
jo 4 3 -2
jp 4 0 -1
jq 4 3 -2
jr 4 0 -1
js 4 0 -1
jt 4 0 -1
ju 4 0 -1
jv 4 0 -1
jw 4 0 -1
jx 4 0 -1
jy 4 3 -2
jz 4 3 -2
ka 4 3 -2
kb -30 3 -1
kc 4 3 -2
kd 4 3 -2
ke 4 3 -2
kf 4 0 -1
kg -30 3 -1
kh -30 3 -1
ki 4 0 -1
kj -30 3 -1
kk -30 3 -1
kl 4 0 -1
km -30 3 -1
kn -30 3 -1
ko 4 3 -2
kp -30 3 -1
kq 4 3 -2
kr -30 3 -1
ks -30 3 -1
kt 4 0 -1
ku 4 3 -2
kv 4 0 -1
kw -30 3 -1
kx -30 3 -1
ky -30 3 -1
kz -30 3 -1
la 4 0 -1
lb 4 0 -1
lc 4 0 -1
ld 4 0 -1
le 4 0 -1
lf 4 0 -1
lg 4 3 -2
lh 4 3 -2
li 4 0 -1
lj 4 0 -1
lk 4 3 -2
ll 4 0 -1
lm 4 3 -2
ln 4 0 -1
lo 4 0 -1
lp 4 3 -2
lq 4 0 -1
lr 4 3 -2
ls 4 0 -1
lt 4 0 -1
lu 4 3 -2
lv 4 0 -1
lw 4 0 -1
lx 4 0 -1
ly 4 3 -2
lz 4 0 -1
ma -30 4 3
mb -30 3 -1
mc -30 3 -1
md -30 4 3
me -30 1 4
mf -30 4 3
mg -30 4 3
mh -30 4 3
mi 4 3 -2
mj -30 3 -1
mk -30 4 3
ml 4 3 -2
mm -30 1 4
mn -30 1 4
mo -30 1 4
mp -30 1 4
mq -30 3 -1
mr -30 1 4
ms -30 4 3
mt -30 3 -1
mu -30 3 -1
mv -30 3 -1
mw -30 1 4
mx -30 3 -1
my -30 4 3
mz -30 4 3
na -30 4 3
nb -30 1 4
nc -30 4 3
nd -30 4 3
ne -30 3 -1
nf -30 3 -1
ng -30 4 3
nh -30 4 3
ni 4 0 -1
nj -30 3 -1
nk -30 1 4
nl 4 3 -2
nm -30 1 4
nn -30 4 3
no -30 4 3
np -30 4 3
nq -30 3 -1
nr -30 1 4
ns -30 3 -1
nt 4 3 -2
nu -30 3 -1
nv -30 4 3
nw -30 1 4
nx -30 3 -1
ny -30 4 3
nz -30 3 -1
oa -30 3 -1
ob -30 4 3
oc -30 3 -1
od -30 3 -1
oe -30 3 -1
of -30 3 -1
og -30 4 3
oh -30 4 3
oi 4 0 -1
oj 4 3 -2
ok -30 4 3
ol 4 0 -1
om -30 4 3
on -30 3 -1
oo -30 4 3
op -30 4 3
oq -30 3 -1
or -30 1 4
os -30 4 3
ot 4 3 -2
ou -30 4 3
ov -30 3 -1
ow -30 3 -1
ox -30 3 -1
oy -30 4 3
oz -30 4 3
pa -30 3 -1
pb -30 3 -1
pc -30 4 3
pd -30 4 3
pe -30 4 3
pf -30 3 -1
pg -30 3 -1
ph -30 4 3
pi 4 0 -1
pj 4 0 -1
pk -30 4 3
pl 4 0 -1
pm -30 4 3
pn -30 3 -1
po -30 3 -1
pp -30 4 3
pq -30 3 -1
pr -30 4 3
ps -30 3 -1
pt -30 3 -1
pu -30 4 3
pv -30 3 -1
pw -30 1 4
px -30 4 3
py -30 4 3
pz -30 3 -1
qa -30 3 -1
qb -30 4 3
qc -30 4 3
qd -30 4 3
qe -30 4 3
qf -30 3 -1
qg -30 1 4
qh -30 1 4
qi 4 3 -2
qj -30 4 3
qk -30 1 4
ql 4 3 -2
qm -30 1 4
qn -30 1 4
qo -30 3 -1
qp -30 4 3
qq -30 4 3
qr -30 1 4
qs -30 4 3
qt -30 3 -1
qu -30 4 3
qv -30 4 3
qw -30 3 -1
qx -30 4 3
qy -30 1 4
qz -30 4 3
ra 4 0 -1
rb -30 3 -1
rc -30 3 -1
rd -30 3 -1
re -30 3 -1
rf 4 3 -2
rg -30 4 3
rh -30 4 3
ri 4 0 -1
rj 4 0 -1
rk -30 3 -1
rl 4 0 -1
rm -30 3 -1
rn -30 3 -1
ro -30 3 -1
rp -30 3 -1
rq -30 3 -1
rr -30 3 -1
rs 4 3 -2
rt 4 3 -2
ru 4 3 -2
rv -30 3 -1
rw -30 3 -1
rx 4 3 -2
ry -30 3 -1
rz 4 3 -2
sa -30 3 -1
sb -30 4 3
sc -30 3 -1
sd -30 4 3
se -30 4 3
sf 4 3 -2
sg -30 4 3
sh -30 4 3
si 4 0 -1
sj 4 3 -2
sk -30 3 -1
sl 4 0 -1
sm -30 4 3
sn -30 1 4
so -30 4 3
sp -30 4 3
sq -30 3 -1
sr -30 1 4
ss -30 4 3
st 4 3 -2
su -30 4 3
sv -30 3 -1
sw -30 3 -1
sx -30 3 -1
sy -30 4 3
sz -30 3 -1
ta 4 3 -2
tb -30 3 -1
tc 4 3 -2
td 4 3 -2
te 4 3 -2
tf 4 3 -2
tg -30 3 -1
th -30 3 -1
ti 4 0 -1
tj -30 3 -1
tk -30 3 -1
tl 4 0 -1
tm -30 3 -1
tn -30 3 -1
to 4 3 -2
tp -30 3 -1
tq -30 3 -1
tr 4 3 -2
ts -30 3 -1
tt 4 3 -2
tu -30 3 -1
tv 4 0 -1
tw -30 3 -1
tx 4 3 -2
ty -30 3 -1
tz -30 3 -1
ua -30 3 -1
ub -30 4 3
uc -30 4 3
ud -30 4 3
ue -30 4 3
uf -30 3 -1
ug -30 4 3
uh -30 3 -1
ui 4 3 -2
uj -30 3 -1
uk -30 4 3
ul 4 0 -1
um -30 1 4
un -30 3 -1
uo -30 1 4
up -30 4 3
uq -30 3 -1
ur -30 1 4
us -30 4 3
ut -30 3 -1
uu -30 3 -1
uv -30 3 -1
uw -30 4 3
ux -30 3 -1
uy -30 4 3
uz -30 4 3
va 4 3 -2
vb -30 4 3
vc -30 3 -1
vd -30 4 3
ve -30 4 3
vf -30 3 -1
vg -30 3 -1
vh -30 4 3
vi 4 0 -1
vj 4 0 -1
vk -30 4 3
vl 4 3 -2
vm -30 4 3
vn -30 4 3
vo -30 4 3
vp -30 4 3
vq -30 4 3
vr -30 3 -1
vs -30 4 3
vt 4 3 -2
vu -30 4 3
vv -30 4 3
vw -30 4 3
vx 4 4 2
vy -30 4 3
vz 4 3 -2
wa -30 4 3
wb -30 4 3
wc -30 3 -1
wd -30 3 -1
we -30 4 3
wf -30 3 -1
wg -30 4 3
wh -30 4 3
wi 4 0 -1
wj 4 3 -2
wk -30 4 3
wl 4 0 -1
wm -30 1 4
wn -30 1 4
wo -30 4 3
wp -30 4 3
wq -30 1 4
wr -30 1 4
ws -30 4 3
wt -30 3 -1
wu -30 4 3
wv -30 4 3
ww -30 1 4
wx -30 3 -1
wy -30 4 3
wz -30 3 -1
xa 4 3 -2
xb -30 4 3
xc 4 3 -2
xd -30 3 -1
xe 4 3 -2
xf 4 3 -2
xg -30 3 -1
xh -30 4 3
xi 4 0 -1
xj -30 3 -1
xk -30 3 -1
xl 4 0 -1
xm -30 4 3
xn -30 3 -1
xo -30 3 -1
xp -30 4 3
xq 4 3 -2
xr -30 4 3
xs -30 3 -1
xt 4 3 -2
xu -30 3 -1
xv 4 3 -2
xw -30 3 -1
xx 4 3 -2
xy 4 3 -2
xz -30 3 -1
ya -30 4 3
yb -30 4 3
yc -30 3 -1
yd -30 4 3
ye -30 3 -1
yf -30 3 -1
yg -30 1 4
yh -30 4 3
yi 4 3 -2
yj -30 4 3
yk -30 4 3
yl 4 0 -1
ym -30 1 4
yn -30 3 -1
yo -30 3 -1
yp -30 4 3
yq -30 3 -1
yr -30 3 -1
ys -30 4 3
yt 4 3 -2
yu -30 4 3
yv -30 3 -1
yw -30 1 4
yx -30 3 -1
yy -30 4 3
yz -30 4 3
za 4 3 -2
zb -30 4 3
zc -30 3 -1
zd -30 3 -1
ze -30 3 -1
zf 4 3 -2
zg 4 3 -2
zh -30 4 3
zi 4 0 -1
zj 4 3 -2
zk -30 4 3
zl 4 0 -1
zm -30 3 -1
zn -30 3 -1
zo -30 3 -1
zp -30 3 -1
zq 4 3 -2
zr -30 3 -1
zs -30 3 -1
zt 4 3 -2
zu -30 3 -1
zv 4 3 -2
zw -30 3 -1
zx 4 3 -2
zy 4 3 -2
zz -30 3 -1
