   0 0 0
 ! 0 0 0
 " 0 0 0
 # 0 0 0
 $ 0 0 0
 % 0 0 0
 & 0 0 0
 ' 0 0 0
 ( 0 0 0
 ) 0 0 0
 * 0 0 0
 + 0 0 0
 , 0 0 0
 - 0 0 0
 . 0 0 0
 / 0 0 0
 0 0 0 0
 1 0 0 0
 2 0 0 0
 3 0 0 0
 4 0 0 0
 5 0 0 0
 6 0 0 0
 7 0 0 0
 8 0 0 0
 9 0 0 0
 : 0 0 0
 ; 0 0 0
 < 0 0 0
 = 0 0 0
 > 0 0 0
 ? 0 0 0
 @ 0 0 0
 A 0 0 0
 B 0 0 0
 C 0 0 0
 D 0 0 0
 E 0 0 0
 F 0 0 0
 G 0 0 0
 H 0 0 0
 I 0 0 0
 J 0 0 0
 K 0 0 0
 L 0 0 0
 M 0 0 0
 N 0 0 0
 O 0 0 0
 P 0 0 0
 Q 0 0 0
 R 0 0 0
 S 0 0 0
 T 0 0 0
 U 0 0 0
 V 0 0 0
 W 0 0 0
 X 0 0 0
 Y 0 0 0
 Z 0 0 0
 [ 0 0 0
 \ 0 0 0
 ] 0 0 0
 ^ 0 0 0
 _ 0 0 0
 ` 0 0 0
 a 0 0 0
 b 0 0 0
 c 0 0 0
 d 0 0 0
 e 0 0 0
 f 0 0 0
 g 0 0 0
 h 0 0 0
 i 0 0 0
 j 0 0 0
 k 0 0 0
 l 0 0 0
 m 0 0 0
 n 0 0 0
 o 0 0 0
 p 0 0 0
 q 0 0 0
 r 0 0 0
 s 0 0 0
 t 0 0 0
 u 0 0 0
 v 0 0 0
 w 0 0 0
 x 0 0 0
 y 0 0 0
 z 0 0 0
 { 0 0 0
 | 0 0 0
 } 0 0 0
 ~ 0 0 0
!  0 0 0
!! 4 0 -1
!" 4 0 -1
!# 4 0 -1
!$ 0 0 0
!% 0 0 0
!& 0 0 0
!' 4 0 -1
!( 4 0 -1
!) 4 0 -1
!* 4 0 -1
!+ 4 0 -1
!, 0 0 0
!- 0 0 0
!. 0 0 0
!/ 0 0 0
!0 0 0 0
!1 0 0 0
!2 0 0 0
!3 0 0 0
!4 0 0 0
!5 0 0 0
!6 0 0 0
!7 0 0 0
!8 0 0 0
!9 0 0 0
!: 0 0 0
!; 0 0 0
!< 0 0 0
!= 4 0 -1
!> 0 0 0
!? 4 0 -1
!@ 0 0 0
!A 0 0 0
!B 0 0 0
!C 0 0 0
!D 0 0 0
!E 0 0 0
!F 0 0 0
!G 0 0 0
!H 0 0 0
!I 0 0 0
!J 0 0 0
!K 0 0 0
!L 0 0 0
!M 0 0 0
!N 0 0 0
!O 0 0 0
!P 0 0 0
!Q 0 0 0
!R 0 0 0
!S 0 0 0
!T 0 0 0
!U 0 0 0
!V 0 0 0
!W 0 0 0
!X 0 0 0
!Y 0 0 0
!Z 0 0 0
![ 0 0 0
!\ 0 0 0
!] 0 0 0
!^ 0 0 0
!_ 0 0 0
!` 0 0 0
!a 0 0 0
!b 0 0 0
!c 0 0 0
!d 0 0 0
!e 0 0 0
!f 0 0 0
!g 0 0 0
!h 0 0 0
!i 0 0 0
!j 0 0 0
!k 0 0 0
!l 0 0 0
!m 0 0 0
!n 0 0 0
!o 0 0 0
!p 0 0 0
!q 0 0 0
!r 0 0 0
!s 0 0 0
!t 0 0 0
!u 0 0 0
!v 0 0 0
!w 0 0 0
!x 0 0 0
!y 0 0 0
!z 0 0 0
!{ 0 0 0
!| 0 0 0
!} 0 0 0
!~ 4 3 -2
"  0 0 0
"! 4 0 -1
"" 4 0 -1
"# 4 3 -2
"$ 4 3 -2
"% 4 3 -2
"& 4 3 -2
"' 4 0 -1
"( 4 3 -2
") 4 0 -1
"* -30 3 -1
"+ 4 0 -1
", 4 0 -1
"- -30 3 -1
". 4 0 -1
"/ 4 3 -2
"0 0 0 0
"1 0 0 0
"2 0 0 0
"3 0 0 0
"4 0 0 0
"5 0 0 0
"6 0 0 0
"7 0 0 0
"8 0 0 0
"9 0 0 0
": 4 0 -1
"; 4 0 -1
"< 4 3 -2
"= -30 3 -1
"> -30 3 -1
"? -30 3 -1
"@ 4 3 -2
"A 0 0 0
"B 0 0 0
"C 0 0 0
"D 0 0 0
"E 0 0 0
"F 0 0 0
"G 0 0 0
"H 0 0 0
"I 0 0 0
"J 0 0 0
"K 0 0 0
"L 0 0 0
"M 0 0 0
"N 0 0 0
"O 0 0 0
"P 0 0 0
"Q 0 0 0
"R 0 0 0
"S 0 0 0
"T 0 0 0
"U 0 0 0
"V 0 0 0
"W 0 0 0
"X 0 0 0
"Y 0 0 0
"Z 0 0 0
"[ 4 3 -2
"\ -30 3 -1
"] -30 3 -1
"^ -30 3 -1
"_ 4 0 -1
"` 4 0 -1
"a 4 0 -1
"b 4 3 -2
"c 4 0 -1
"d 4 0 -1
"e 4 0 -1
"f 4 0 -1
"g 4 0 -1
"h 4 3 -2
"i 4 0 -1
"j 4 0 -1
"k 4 3 -2
"l 4 0 -1
"m 4 0 -1
"n 4 0 -1
"o 4 0 -1
"p 4 0 -1
"q 4 0 -1
"r 4 0 -1
"s 4 0 -1
"t 4 0 -1
"u 4 0 -1
"v 4 0 -1
"w 4 0 -1
"x 4 0 -1
"y 4 0 -1
"z 4 0 -1
"{ 4 3 -2
"| 4 3 -2
"} -30 3 -1
"~ -30 3 -1
#  0 0 0
#! 4 0 -1
#" 4 3 -2
## 4 3 -2
#$ -30 3 -1
#% 4 3 -2
#& -30 4 3
#' 4 0 -1
#( 4 3 -2
#) 4 3 -2
#* -30 4 3
#+ -30 4 3
#, 4 0 -1
#- -30 4 3
#. 4 0 -1
#/ 4 3 -2
#0 0 0 0
#1 0 0 0
#2 0 0 0
#3 0 0 0
#4 0 0 0
#5 0 0 0
#6 0 0 0
#7 0 0 0
#8 0 0 0
#9 0 0 0
#: 4 3 -2
#; 4 3 -2
#< -30 3 -1
#= -30 4 3
#> 4 3 -2
#? 4 3 -2
#@ -30 3 -1
#A 0 0 0
#B 0 0 0
#C 0 0 0
#D 0 0 0
#E 0 0 0
#F 0 0 0
#G 0 0 0
#H 0 0 0
#I 0 0 0
#J 0 0 0
#K 0 0 0
#L 0 0 0
#M 0 0 0
#N 0 0 0
#O 0 0 0
#P 0 0 0
#Q 0 0 0
#R 0 0 0
#S 0 0 0
#T 0 0 0
#U 0 0 0
#V 0 0 0
#W 0 0 0
#X 0 0 0
#Y 0 0 0
#Z 0 0 0
#[ 4 0 -1
#\ 4 3 -2
#] 4 0 -1
#^ -30 3 -1
#_ 4 0 -1
#` 4 0 -1
#a -30 3 -1
#b -30 3 -1
#c -30 3 -1
#d -30 3 -1
#e -30 3 -1
#f -30 3 -1
#g -30 3 -1
#h -30 3 -1
#i 4 0 -1
#j 4 0 -1
#k -30 3 -1
#l 4 0 -1
#m -30 3 -1
#n -30 3 -1
#o -30 3 -1
#p -30 3 -1
#q -30 3 -1
#r -30 4 3
#s -30 3 -1
#t -30 3 -1
#u -30 3 -1
#v -30 3 -1
#w -30 3 -1
#x -30 3 -1
#y -30 3 -1
#z -30 3 -1
#{ -30 3 -1
#| 4 0 -1
#} 4 0 -1
#~ 4 3 -2
$  0 0 0
$! 4 0 -1
$" 4 3 -2
$# -30 3 -1
$$ -30 3 -1
$% -30 3 -1
$& -30 4 3
$' 4 0 -1
$( 4 0 -1
$) 4 0 -1
$* -30 4 3
$+ 4 3 -2
$, 4 0 -1
$- -30 3 -1
$. 4 0 -1
$/ 4 3 -2
$0 0 0 0
$1 0 0 0
$2 0 0 0
$3 0 0 0
$4 0 0 0
$5 0 0 0
$6 0 0 0
$7 0 0 0
$8 0 0 0
$9 0 0 0
$: 4 0 -1
$; 4 3 -2
$< -30 3 -1
$= -30 3 -1
$> -30 3 -1
$? -30 4 3
$@ -30 1 4
$A 0 0 0
$B 0 0 0
$C 0 0 0
$D 0 0 0
$E 0 0 0
$F 0 0 0
$G 0 0 0
$H 0 0 0
$I 0 0 0
$J 0 0 0
$K 0 0 0
$L 0 0 0
$M 0 0 0
$N 0 0 0
$O 0 0 0
$P 0 0 0
$Q 0 0 0
$R 0 0 0
$S 0 0 0
$T 0 0 0
$U 0 0 0
$V 0 0 0
$W 0 0 0
$X 0 0 0
$Y 0 0 0
$Z 0 0 0
$[ 4 3 -2
$\ -30 3 -1
$] 4 0 -1
$^ 4 3 -2
$_ 4 0 -1
$` 4 0 -1
$a -30 3 -1
$b -30 4 3
$c -30 3 -1
$d -30 3 -1
$e -30 3 -1
$f 4 3 -2
$g -30 3 -1
$h -30 4 3
$i 4 0 -1
$j 4 0 -1
$k -30 4 3
$l 4 3 -2
$m -30 4 3
$n -30 3 -1
$o -30 4 3
$p -30 3 -1
$q -30 3 -1
$r -30 3 -1
$s -30 3 -1
$t 4 3 -2
$u -30 3 -1
$v -30 3 -1
$w -30 3 -1
$x 4 3 -2
$y -30 3 -1
$z -30 3 -1
${ -30 3 -1
$| 4 0 -1
$} 4 3 -2
$~ -30 3 -1
%  0 0 0
%! 4 0 -1
%" 4 3 -2
%# -30 3 -1
%$ -30 4 3
%% -30 3 -1
%& -30 4 3
%' 4 0 -1
%( 4 3 -2
%) 4 3 -2
%* -30 3 -1
%+ 4 3 -2
%, 4 0 -1
%- -30 3 -1
%. 4 3 -2
%/ -30 3 -1
%0 0 0 0
%1 0 0 0
%2 0 0 0
%3 0 0 0
%4 0 0 0
%5 0 0 0
%6 0 0 0
%7 0 0 0
%8 0 0 0
%9 0 0 0
%: -30 4 3
%; 4 3 -2
%< 4 3 -2
%= -30 3 -1
%> -30 3 -1
%? -30 4 3
%@ -30 4 3
%A 0 0 0
%B 0 0 0
%C 0 0 0
%D 0 0 0
%E 0 0 0
%F 0 0 0
%G 0 0 0
%H 0 0 0
%I 0 0 0
%J 0 0 0
%K 0 0 0
%L 0 0 0
%M 0 0 0
%N 0 0 0
%O 0 0 0
%P 0 0 0
%Q 0 0 0
%R 0 0 0
%S 0 0 0
%T 0 0 0
%U 0 0 0
%V 0 0 0
%W 0 0 0
%X 0 0 0
%Y 0 0 0
%Z 0 0 0
%[ 4 3 -2
%\ -30 3 -1
%] 4 3 -2
%^ -30 3 -1
%_ 4 3 -2
%` 4 0 -1
%a -30 3 -1
%b -30 4 3
%c -30 3 -1
%d -30 3 -1
%e -30 3 -1
%f 4 3 -2
%g -30 3 -1
%h -30 4 3
%i 4 0 -1
%j -30 3 -1
%k -30 4 3
%l 4 3 -2
%m -30 4 3
%n -30 3 -1
%o -30 3 -1
%p -30 3 -1
%q -30 3 -1
%r -30 3 -1
%s 4 0 -1
%t 4 3 -2
%u -30 3 -1
%v 4 3 -2
%w -30 3 -1
%x -30 3 -1
%y -30 3 -1
%z -30 3 -1
%{ 4 3 -2
%| 4 0 -1
%} -30 3 -1
%~ 4 3 -2
&  0 0 0
&! 4 0 -1
&" 4 0 -1
&# -30 3 -1
&$ -30 3 -1
&% -30 4 3
&& 4 3 -2
&' 4 0 -1
&( 4 3 -2
&) 4 0 -1
&* 4 0 -1
&+ 4 3 -2
&, 4 3 -2
&- -30 3 -1
&. 4 3 -2
&/ -30 3 -1
&0 0 0 0
&1 0 0 0
&2 0 0 0
&3 0 0 0
&4 0 0 0
&5 0 0 0
&6 0 0 0
&7 0 0 0
&8 0 0 0
&9 0 0 0
&: 4 3 -2
&; -30 3 -1
&< 4 3 -2
&= -30 3 -1
&> -30 4 3
&? 4 0 -1
&@ -30 4 3
&A 0 0 0
&B 0 0 0
&C 0 0 0
&D 0 0 0
&E 0 0 0
&F 0 0 0
&G 0 0 0
&H 0 0 0
&I 0 0 0
&J 0 0 0
&K 0 0 0
&L 0 0 0
&M 0 0 0
&N 0 0 0
&O 0 0 0
&P 0 0 0
&Q 0 0 0
&R 0 0 0
&S 0 0 0
&T 0 0 0
&U 0 0 0
&V 0 0 0
&W 0 0 0
&X 0 0 0
&Y 0 0 0
&Z 0 0 0
&[ 4 3 -2
&\ 4 0 -1
&] 4 3 -2
&^ 4 0 -1
&_ -30 3 -1
&` 4 0 -1
&a -30 3 -1
&b -30 3 -1
&c -30 3 -1
&d -30 3 -1
&e -30 3 -1
&f 4 3 -2
&g -30 4 3
&h -30 3 -1
&i 4 3 -2
&j -30 3 -1
&k -30 4 3
&l 4 3 -2
&m -30 3 -1
&n -30 3 -1
&o -30 3 -1
&p -30 3 -1
&q 4 3 -2
&r -30 3 -1
&s -30 4 3
&t 4 3 -2
&u -30 3 -1
&v 4 3 -2
&w -30 3 -1
&x 4 3 -2
&y -30 3 -1
&z 4 3 -2
&{ 4 3 -2
&| 4 0 -1
&} -30 3 -1
&~ 4 0 -1
'  0 0 0
'! 4 0 -1
'" 4 0 -1
'# 4 0 -1
'$ 4 0 -1
'% 4 0 -1
'& 4 0 -1
'' 4 0 -1
'( 4 0 -1
') 4 0 -1
'* 4 0 -1
'+ 4 0 -1
', 4 0 -1
'- 4 0 -1
'. 4 0 -1
'/ 4 0 -1
'0 0 0 0
'1 0 0 0
'2 0 0 0
'3 0 0 0
'4 0 0 0
'5 0 0 0
'6 0 0 0
'7 0 0 0
'8 0 0 0
'9 0 0 0
': 4 0 -1
'; 4 0 -1
'< 4 0 -1
'= 4 0 -1
'> 4 0 -1
'? 4 3 -2
'@ 4 0 -1
'A 0 0 0
'B 0 0 0
'C 0 0 0
'D 0 0 0
'E 0 0 0
'F 0 0 0
'G 0 0 0
'H 0 0 0
'I 0 0 0
'J 0 0 0
'K 0 0 0
'L 0 0 0
'M 0 0 0
'N 0 0 0
'O 0 0 0
'P 0 0 0
'Q 0 0 0
'R 0 0 0
'S 0 0 0
'T 0 0 0
'U 0 0 0
'V 0 0 0
'W 0 0 0
'X 0 0 0
'Y 0 0 0
'Z 0 0 0
'[ 4 0 -1
'\ 4 3 -2
'] 4 0 -1
'^ 4 3 -2
'_ 4 0 -1
'` 4 0 -1
'a 4 0 -1
'b 4 0 -1
'c 4 0 -1
'd 4 0 -1
'e 4 0 -1
'f 4 0 -1
'g 4 0 -1
'h 4 0 -1
'i 4 0 -1
'j 4 0 -1
'k 4 0 -1
'l 4 0 -1
'm 4 0 -1
'n 4 0 -1
'o 4 0 -1
'p 4 0 -1
'q 4 0 -1
'r 4 0 -1
's 4 0 -1
't 4 0 -1
'u 4 0 -1
'v 4 0 -1
'w 4 0 -1
'x 4 0 -1
'y 4 0 -1
'z 4 0 -1
'{ 4 3 -2
'| 4 0 -1
'} -30 3 -1
'~ 4 3 -2
(  0 0 0
(! 4 0 -1
(" 4 3 -2
(# 4 3 -2
($ 4 0 -1
(% -30 3 -1
(& 4 0 -1
(' 4 0 -1
(( 4 0 -1
() 4 0 -1
(* 4 3 -2
(+ 4 0 -1
(, -30 3 -1
(- 4 0 -1
(. 4 0 -1
(/ -30 3 -1
(0 0 0 0
(1 0 0 0
(2 0 0 0
(3 0 0 0
(4 0 0 0
(5 0 0 0
(6 0 0 0
(7 0 0 0
(8 0 0 0
(9 0 0 0
(: 4 3 -2
(; -30 3 -1
(< 4 3 -2
(= 4 3 -2
(> -30 3 -1
(? 4 3 -2
(@ -30 3 -1
(A 0 0 0
(B 0 0 0
(C 0 0 0
(D 0 0 0
(E 0 0 0
(F 0 0 0
(G 0 0 0
(H 0 0 0
(I 0 0 0
(J 0 0 0
(K 0 0 0
(L 0 0 0
(M 0 0 0
(N 0 0 0
(O 0 0 0
(P 0 0 0
(Q 0 0 0
(R 0 0 0
(S 0 0 0
(T 0 0 0
(U 0 0 0
(V 0 0 0
(W 0 0 0
(X 0 0 0
(Y 0 0 0
(Z 0 0 0
([ -30 3 -1
(\ -30 3 -1
(] 4 3 -2
(^ 4 3 -2
(_ -30 3 -1
(` 4 3 -2
(a 4 0 -1
(b 4 3 -2
(c 4 0 -1
(d 4 0 -1
(e 4 0 -1
(f 4 0 -1
(g 4 3 -2
(h 4 3 -2
(i 4 0 -1
(j 4 3 -2
(k 4 3 -2
(l 4 0 -1
(m 4 0 -1
(n 4 0 -1
(o 4 0 -1
(p 4 3 -2
(q 4 0 -1
(r 4 0 -1
(s 4 0 -1
(t 4 0 -1
(u 4 0 -1
(v 4 0 -1
(w 4 0 -1
(x 4 0 -1
(y 4 3 -2
(z 4 0 -1
({ 4 0 -1
(| -30 3 -1
(} -30 3 -1
(~ 4 0 -1
)  0 0 0
)! 4 0 -1
)" 4 3 -2
)# 4 3 -2
)$ -30 3 -1
)% 4 3 -2
)& -30 3 -1
)' 4 0 -1
)( 4 3 -2
)) 4 0 -1
)* 4 3 -2
)+ 4 3 -2
), 4 0 -1
)- -30 3 -1
). 4 0 -1
)/ 4 3 -2
)0 0 0 0
)1 0 0 0
)2 0 0 0
)3 0 0 0
)4 0 0 0
)5 0 0 0
)6 0 0 0
)7 0 0 0
)8 0 0 0
)9 0 0 0
): 4 3 -2
); 4 0 -1
)< -30 3 -1
)= -30 3 -1
)> -30 3 -1
)? -30 3 -1
)@ -30 3 -1
)A 0 0 0
)B 0 0 0
)C 0 0 0
)D 0 0 0
)E 0 0 0
)F 0 0 0
)G 0 0 0
)H 0 0 0
)I 0 0 0
)J 0 0 0
)K 0 0 0
)L 0 0 0
)M 0 0 0
)N 0 0 0
)O 0 0 0
)P 0 0 0
)Q 0 0 0
)R 0 0 0
)S 0 0 0
)T 0 0 0
)U 0 0 0
)V 0 0 0
)W 0 0 0
)X 0 0 0
)Y 0 0 0
)Z 0 0 0
)[ -30 3 -1
)\ 4 3 -2
)] 4 3 -2
)^ 4 3 -2
)_ 4 0 -1
)` 4 0 -1
)a -30 3 -1
)b -30 3 -1
)c -30 3 -1
)d -30 3 -1
)e 4 3 -2
)f 4 3 -2
)g -30 3 -1
)h -30 3 -1
)i 4 0 -1
)j 4 0 -1
)k -30 3 -1
)l 4 3 -2
)m -30 3 -1
)n -30 3 -1
)o -30 3 -1
)p -30 3 -1
)q 4 3 -2
)r -30 3 -1
)s -30 3 -1
)t 4 3 -2
)u -30 3 -1
)v 4 3 -2
)w -30 3 -1
)x 4 0 -1
)y -30 3 -1
)z -30 3 -1
){ -30 3 -1
)| 4 3 -2
)} -30 3 -1
)~ 4 3 -2
*  0 0 0
*! 4 3 -2
*" -30 3 -1
*# -30 3 -1
*$ -30 4 3
*% -30 4 3
*& -30 4 3
*' 4 0 -1
*( 4 3 -2
*) 4 3 -2
** 4 3 -2
*+ -30 3 -1
*, 4 0 -1
*- -30 3 -1
*. 4 0 -1
*/ 4 3 -2
*0 0 0 0
*1 0 0 0
*2 0 0 0
*3 0 0 0
*4 0 0 0
*5 0 0 0
*6 0 0 0
*7 0 0 0
*8 0 0 0
*9 0 0 0
*: 4 3 -2
*; 4 3 -2
*< -30 4 3
*= -30 4 3
*> -30 3 -1
*? -30 3 -1
*@ -30 4 3
*A 0 0 0
*B 0 0 0
*C 0 0 0
*D 0 0 0
*E 0 0 0
*F 0 0 0
*G 0 0 0
*H 0 0 0
*I 0 0 0
*J 0 0 0
*K 0 0 0
*L 0 0 0
*M 0 0 0
*N 0 0 0
*O 0 0 0
*P 0 0 0
*Q 0 0 0
*R 0 0 0
*S 0 0 0
*T 0 0 0
*U 0 0 0
*V 0 0 0
*W 0 0 0
*X 0 0 0
*Y 0 0 0
*Z 0 0 0
*[ 4 3 -2
*\ -30 3 -1
*] 4 3 -2
*^ -30 3 -1
*_ 4 0 -1
*` 4 3 -2
*a 4 0 -1
*b -30 3 -1
*c 4 3 -2
*d 4 3 -2
*e 4 3 -2
*f -30 3 -1
*g 4 3 -2
*h -30 3 -1
*i 4 0 -1
*j 4 0 -1
*k -30 3 -1
*l 4 3 -2
*m 4 3 -2
*n 4 3 -2
*o 4 3 -2
*p 4 3 -2
*q 4 3 -2
*r -30 3 -1
*s 4 3 -2
*t -30 3 -1
*u 4 3 -2
*v 4 3 -2
*w 4 3 -2
*x -30 3 -1
*y 4 3 -2
*z -30 3 -1
*{ -30 3 -1
*| 4 3 -2
*} -30 4 3
*~ -30 4 3
+  0 0 0
+! 4 3 -2
+" 4 3 -2
+# -30 3 -1
+$ -30 3 -1
+% -30 3 -1
+& -30 4 3
+' 4 0 -1
+( 4 3 -2
+) 4 3 -2
+* -30 4 3
++ 4 3 -2
+, 4 0 -1
+- -30 4 3
+. 4 3 -2
+/ 4 3 -2
+0 0 0 0
+1 0 0 0
+2 0 0 0
+3 0 0 0
+4 0 0 0
+5 0 0 0
+6 0 0 0
+7 0 0 0
+8 0 0 0
+9 0 0 0
+: -30 3 -1
+; -30 3 -1
+< -30 3 -1
+= -30 3 -1
+> 4 3 -2
+? 4 3 -2
+@ -30 3 -1
+A 0 0 0
+B 0 0 0
+C 0 0 0
+D 0 0 0
+E 0 0 0
+F 0 0 0
+G 0 0 0
+H 0 0 0
+I 0 0 0
+J 0 0 0
+K 0 0 0
+L 0 0 0
+M 0 0 0
+N 0 0 0
+O 0 0 0
+P 0 0 0
+Q 0 0 0
+R 0 0 0
+S 0 0 0
+T 0 0 0
+U 0 0 0
+V 0 0 0
+W 0 0 0
+X 0 0 0
+Y 0 0 0
+Z 0 0 0
+[ 4 3 -2
+\ 4 3 -2
+] 4 3 -2
+^ 4 3 -2
+_ 4 0 -1
+` 4 0 -1
+a 4 3 -2
+b -30 3 -1
+c -30 3 -1
+d -30 3 -1
+e -30 3 -1
+f -30 4 3
+g -30 3 -1
+h -30 3 -1
+i 4 3 -2
+j 4 0 -1
+k -30 3 -1
+l 4 3 -2
+m -30 3 -1
+n -30 3 -1
+o -30 3 -1
+p -30 3 -1
+q -30 3 -1
+r -30 3 -1
+s -30 3 -1
+t -30 3 -1
+u -30 3 -1
+v -30 3 -1
+w -30 3 -1
+x -30 3 -1
+y -30 3 -1
+z -30 3 -1
+{ -30 4 3
+| 4 3 -2
+} -30 3 -1
+~ 4 3 -2
,  0 0 0
,! 4 0 -1
," 4 0 -1
,# 4 3 -2
,$ -30 3 -1
,% 4 3 -2
,& 4 3 -2
,' 4 0 -1
,( 4 3 -2
,) 4 3 -2
,* 4 0 -1
,+ 4 0 -1
,, 4 0 -1
,- 4 3 -2
,. 4 3 -2
,/ -30 3 -1
,0 0 0 0
,1 0 0 0
,2 0 0 0
,3 0 0 0
,4 0 0 0
,5 0 0 0
,6 0 0 0
,7 0 0 0
,8 0 0 0
,9 0 0 0
,: 4 3 -2
,; 4 0 -1
,< 4 0 -1
,= -30 3 -1
,> -30 3 -1
,? 4 0 -1
,@ 4 3 -2
,A 0 0 0
,B 0 0 0
,C 0 0 0
,D 0 0 0
,E 0 0 0
,F 0 0 0
,G 0 0 0
,H 0 0 0
,I 0 0 0
,J 0 0 0
,K 0 0 0
,L 0 0 0
,M 0 0 0
,N 0 0 0
,O 0 0 0
,P 0 0 0
,Q 0 0 0
,R 0 0 0
,S 0 0 0
,T 0 0 0
,U 0 0 0
,V 0 0 0
,W 0 0 0
,X 0 0 0
,Y 0 0 0
,Z 0 0 0
,[ 4 3 -2
,\ 4 0 -1
,] 4 3 -2
,^ 4 0 -1
,_ 4 3 -2
,` 4 0 -1
,a 4 3 -2
,b 4 3 -2
,c 4 3 -2
,d 4 3 -2
,e 4 3 -2
,f 4 0 -1
,g -30 3 -1
,h -30 3 -1
,i 4 0 -1
,j 4 3 -2
,k 4 3 -2
,l 4 0 -1
,m -30 3 -1
,n 4 3 -2
,o 4 3 -2
,p 4 3 -2
,q 4 3 -2
,r 4 3 -2
,s -30 3 -1
,t 4 0 -1
,u 4 3 -2
,v 4 0 -1
,w -30 3 -1
,x -30 3 -1
,y 4 3 -2
,z 4 0 -1
,{ 4 0 -1
,| 4 0 -1
,} -30 3 -1
,~ 4 0 -1
-  0 0 0
-! 4 0 -1
-" 4 3 -2
-# -30 4 3
-$ -30 4 3
-% -30 3 -1
-& -30 4 3
-' 4 0 -1
-( -30 4 3
-) 4 3 -2
-* -30 3 -1
-+ -30 4 3
-, 4 3 -2
-- -30 3 -1
-. 4 3 -2
-/ -30 3 -1
-0 0 0 0
-1 0 0 0
-2 0 0 0
-3 0 0 0
-4 0 0 0
-5 0 0 0
-6 0 0 0
-7 0 0 0
-8 0 0 0
-9 0 0 0
-: -30 3 -1
-; 4 3 -2
-< -30 3 -1
-= -30 3 -1
-> 4 3 -2
-? -30 3 -1
-@ -30 4 3
-A 0 0 0
-B 0 0 0
-C 0 0 0
-D 0 0 0
-E 0 0 0
-F 0 0 0
-G 0 0 0
-H 0 0 0
-I 0 0 0
-J 0 0 0
-K 0 0 0
-L 0 0 0
-M 0 0 0
-N 0 0 0
-O 0 0 0
-P 0 0 0
-Q 0 0 0
-R 0 0 0
-S 0 0 0
-T 0 0 0
-U 0 0 0
-V 0 0 0
-W 0 0 0
-X 0 0 0
-Y 0 0 0
-Z 0 0 0
-[ -30 3 -1
-\ -30 3 -1
-] 4 0 -1
-^ -30 4 3
-_ 4 3 -2
-` 4 0 -1
-a 4 3 -2
-b -30 4 3
-c -30 3 -1
-d -30 3 -1
-e -30 3 -1
-f -30 4 3
-g -30 3 -1
-h -30 4 3
-i 4 3 -2
-j 4 3 -2
-k -30 4 3
-l 4 3 -2
-m -30 4 3
-n -30 3 -1
-o -30 3 -1
-p -30 3 -1
-q -30 3 -1
-r -30 4 3
-s -30 4 3
-t -30 4 3
-u -30 3 -1
-v -30 3 -1
-w -30 4 3
-x -30 3 -1
-y -30 4 3
-z -30 4 3
-{ -30 4 3
-| 4 3 -2
-} 4 3 -2
-~ 4 3 -2
.  0 0 0
.! 4 0 -1
." 4 0 -1
.# 4 3 -2
.$ -30 3 -1
.% -30 3 -1
.& 4 3 -2
.' 4 0 -1
.( 4 0 -1
.) 4 3 -2
.* 4 0 -1
.+ 4 0 -1
., 4 0 -1
.- 4 0 -1
.. 4 0 -1
./ -30 3 -1
.0 0 0 0
.1 0 0 0
.2 0 0 0
.3 0 0 0
.4 0 0 0
.5 0 0 0
.6 0 0 0
.7 0 0 0
.8 0 0 0
.9 0 0 0
.: 4 0 -1
.; 4 3 -2
.< 4 0 -1
.= 4 3 -2
.> -30 3 -1
.? 4 3 -2
.@ -30 3 -1
.A 0 0 0
.B 0 0 0
.C 0 0 0
.D 0 0 0
.E 0 0 0
.F 0 0 0
.G 0 0 0
.H 0 0 0
.I 0 0 0
.J 0 0 0
.K 0 0 0
.L 0 0 0
.M 0 0 0
.N 0 0 0
.O 0 0 0
.P 0 0 0
.Q 0 0 0
.R 0 0 0
.S 0 0 0
.T 0 0 0
.U 0 0 0
.V 0 0 0
.W 0 0 0
.X 0 0 0
.Y 0 0 0
.Z 0 0 0
.[ 4 3 -2
.\ 4 0 -1
.] 4 3 -2
.^ 4 0 -1
._ -30 3 -1
.` 4 0 -1
.a 4 3 -2
.b 4 3 -2
.c 4 3 -2
.d 4 3 -2
.e 4 3 -2
.f 4 0 -1
.g -30 3 -1
.h 4 3 -2
.i 4 0 -1
.j 4 3 -2
.k 4 3 -2
.l 4 3 -2
.m -30 3 -1
.n 4 3 -2
.o 4 3 -2
.p 4 3 -2
.q 4 3 -2
.r 4 3 -2
.s 4 3 -2
.t 4 0 -1
.u 4 3 -2
.v 4 0 -1
.w 4 0 -1
.x 4 3 -2
.y -30 3 -1
.z 4 3 -2
.{ 4 3 -2
.| 4 0 -1
.} -30 3 -1
.~ 4 0 -1
/  0 0 0
/! 4 3 -2
/" -30 3 -1
/# -30 3 -1
/$ -30 4 3
/% -30 4 3
/& -30 3 -1
/' 4 3 -2
/( -30 3 -1
/) 4 3 -2
/* 8 3 -3
/+ 4 3 -2
/, 4 0 -1
/- -30 3 -1
/. 4 0 -1
// 8 0 -2
/0 0 0 0
/1 0 0 0
/2 0 0 0
/3 0 0 0
/4 0 0 0
/5 0 0 0
/6 0 0 0
/7 0 0 0
/8 0 0 0
/9 0 0 0
/: 4 3 -2
/; 4 3 -2
/< -30 3 -1
/= -30 3 -1
/> -30 4 3
/? -30 4 3
/@ -30 4 3
/A 0 0 0
/B 0 0 0
/C 0 0 0
/D 0 0 0
/E 0 0 0
/F 0 0 0
/G 0 0 0
/H 0 0 0
/I 0 0 0
/J 0 0 0
/K 0 0 0
/L 0 0 0
/M 0 0 0
/N 0 0 0
/O 0 0 0
/P 0 0 0
/Q 0 0 0
/R 0 0 0
/S 0 0 0
/T 0 0 0
/U 0 0 0
/V 0 0 0
/W 0 0 0
/X 0 0 0
/Y 0 0 0
/Z 0 0 0
/[ -30 3 -1
/\ -30 3 -1
/] 4 3 -2
/^ -30 3 -1
/_ 4 0 -1
/` 4 3 -2
/a 4 0 -1
/b -30 4 3
/c 4 0 -1
/d 4 3 -2
/e 4 0 -1
/f -30 3 -1
/g 4 3 -2
/h -30 3 -1
/i -30 3 -1
/j 4 0 -1
/k -30 4 3
/l -30 3 -1
/m -30 3 -1
/n 4 3 -2
/o 4 0 -1
/p -30 3 -1
/q 4 3 -2
/r 4 3 -2
/s 4 3 -2
/t -30 3 -1
/u 4 3 -2
/v 4 3 -2
/w 4 3 -2
/x 4 3 -2
/y 4 3 -2
/z 4 3 -2
/{ -30 3 -1
/| 4 0 -1
/} -30 4 3
/~ -30 3 -1
0  0 0 0
0! 0 0 0
0" 0 0 0
0# 0 0 0
0$ 0 0 0
0% 0 0 0
0& 0 0 0
0' 0 0 0
0( 0 0 0
0) 0 0 0
0* 0 0 0
0+ 0 0 0
0, 0 0 0
0- 0 0 0
0. 0 0 0
0/ 0 0 0
00 0 0 0
01 0 0 0
02 0 0 0
03 0 0 0
04 0 0 0
05 0 0 0
06 0 0 0
07 0 0 0
08 0 0 0
09 0 0 0
0: 0 0 0
0; 0 0 0
0< 0 0 0
0= 0 0 0
0> 0 0 0
0? 0 0 0
0@ 0 0 0
0A 0 0 0
0B 0 0 0
0C 0 0 0
0D 0 0 0
0E 0 0 0
0F 0 0 0
0G 0 0 0
0H 0 0 0
0I 0 0 0
0J 0 0 0
0K 0 0 0
0L 0 0 0
0M 0 0 0
0N 0 0 0
0O 0 0 0
0P 0 0 0
0Q 0 0 0
0R 0 0 0
0S 0 0 0
0T 0 0 0
0U 0 0 0
0V 0 0 0
0W 0 0 0
0X 0 0 0
0Y 0 0 0
0Z 0 0 0
0[ 0 0 0
0\ 0 0 0
0] 0 0 0
0^ 0 0 0
0_ 0 0 0
0` 0 0 0
0a 0 0 0
0b 0 0 0
0c 0 0 0
0d 0 0 0
0e 0 0 0
0f 0 0 0
0g 0 0 0
0h 0 0 0
0i 0 0 0
0j 0 0 0
0k 0 0 0
0l 0 0 0
0m 0 0 0
0n 0 0 0
0o 0 0 0
0p 0 0 0
0q 0 0 0
0r 0 0 0
0s 0 0 0
0t 0 0 0
0u 0 0 0
0v 0 0 0
0w 0 0 0
0x 0 0 0
0y 0 0 0
0z 0 0 0
0{ 0 0 0
0| 0 0 0
0} 0 0 0
0~ 0 0 0
1  0 0 0
1! 0 0 0
1" 0 0 0
1# 0 0 0
1$ 0 0 0
1% 0 0 0
1& 0 0 0
1' 0 0 0
1( 0 0 0
1) 0 0 0
1* 0 0 0
1+ 0 0 0
1, 0 0 0
1- 0 0 0
1. 0 0 0
1/ 0 0 0
10 0 0 0
11 0 0 0
12 0 0 0
13 0 0 0
14 0 0 0
15 0 0 0
16 0 0 0
17 0 0 0
18 0 0 0
19 0 0 0
1: 0 0 0
1; 0 0 0
1< 0 0 0
1= 0 0 0
1> 0 0 0
1? 0 0 0
1@ 0 0 0
1A 0 0 0
1B 0 0 0
1C 0 0 0
1D 0 0 0
1E 0 0 0
1F 0 0 0
1G 0 0 0
1H 0 0 0
1I 0 0 0
1J 0 0 0
1K 0 0 0
1L 0 0 0
1M 0 0 0
1N 0 0 0
1O 0 0 0
1P 0 0 0
1Q 0 0 0
1R 0 0 0
1S 0 0 0
1T 0 0 0
1U 0 0 0
1V 0 0 0
1W 0 0 0
1X 0 0 0
1Y 0 0 0
1Z 0 0 0
1[ 0 0 0
1\ 0 0 0
1] 0 0 0
1^ 0 0 0
1_ 0 0 0
1` 0 0 0
1a 0 0 0
1b 0 0 0
1c 0 0 0
1d 0 0 0
1e 0 0 0
1f 0 0 0
1g 0 0 0
1h 0 0 0
1i 0 0 0
1j 0 0 0
1k 0 0 0
1l 0 0 0
1m 0 0 0
1n 0 0 0
1o 0 0 0
1p 0 0 0
1q 0 0 0
1r 0 0 0
1s 0 0 0
1t 0 0 0
1u 0 0 0
1v 0 0 0
1w 0 0 0
1x 0 0 0
1y 0 0 0
1z 0 0 0
1{ 0 0 0
1| 0 0 0
1} 0 0 0
1~ 0 0 0
2  0 0 0
2! 0 0 0
2" 0 0 0
2# 0 0 0
2$ 0 0 0
2% 0 0 0
2& 0 0 0
2' 0 0 0
2( 0 0 0
2) 0 0 0
2* 0 0 0
2+ 0 0 0
2, 0 0 0
2- 0 0 0
2. 0 0 0
2/ 0 0 0
20 0 0 0
21 0 0 0
22 0 0 0
23 0 0 0
24 0 0 0
25 0 0 0
26 0 0 0
27 0 0 0
28 0 0 0
29 0 0 0
2: 0 0 0
2; 0 0 0
2< 0 0 0
2= 0 0 0
2> 0 0 0
2? 0 0 0
2@ 0 0 0
2A 0 0 0
2B 0 0 0
2C 0 0 0
2D 0 0 0
2E 0 0 0
2F 0 0 0
2G 0 0 0
2H 0 0 0
2I 0 0 0
2J 0 0 0
2K 0 0 0
2L 0 0 0
2M 0 0 0
2N 0 0 0
2O 0 0 0
2P 0 0 0
2Q 0 0 0
2R 0 0 0
2S 0 0 0
2T 0 0 0
2U 0 0 0
2V 0 0 0
2W 0 0 0
2X 0 0 0
2Y 0 0 0
2Z 0 0 0
2[ 0 0 0
2\ 0 0 0
2] 0 0 0
2^ 0 0 0
2_ 0 0 0
2` 0 0 0
2a 0 0 0
2b 0 0 0
2c 0 0 0
2d 0 0 0
2e 0 0 0
2f 0 0 0
2g 0 0 0
2h 0 0 0
2i 0 0 0
2j 0 0 0
2k 0 0 0
2l 0 0 0
2m 0 0 0
2n 0 0 0
2o 0 0 0
2p 0 0 0
2q 0 0 0
2r 0 0 0
2s 0 0 0
2t 0 0 0
2u 0 0 0
2v 0 0 0
2w 0 0 0
2x 0 0 0
2y 0 0 0
2z 0 0 0
2{ 0 0 0
2| 0 0 0
2} 0 0 0
2~ 0 0 0
3  0 0 0
3! 0 0 0
3" 0 0 0
3# 0 0 0
3$ 0 0 0
3% 0 0 0
3& 0 0 0
3' 0 0 0
3( 0 0 0
3) 0 0 0
3* 0 0 0
3+ 0 0 0
3, 0 0 0
3- 0 0 0
3. 0 0 0
3/ 0 0 0
30 0 0 0
31 0 0 0
32 0 0 0
33 0 0 0
34 0 0 0
35 0 0 0
36 0 0 0
37 0 0 0
38 0 0 0
39 0 0 0
3: 0 0 0
3; 0 0 0
3< 0 0 0
3= 0 0 0
3> 0 0 0
3? 0 0 0
3@ 0 0 0
3A 0 0 0
3B 0 0 0
3C 0 0 0
3D 0 0 0
3E 0 0 0
3F 0 0 0
3G 0 0 0
3H 0 0 0
3I 0 0 0
3J 0 0 0
3K 0 0 0
3L 0 0 0
3M 0 0 0
3N 0 0 0
3O 0 0 0
3P 0 0 0
3Q 0 0 0
3R 0 0 0
3S 0 0 0
3T 0 0 0
3U 0 0 0
3V 0 0 0
3W 0 0 0
3X 0 0 0
3Y 0 0 0
3Z 0 0 0
3[ 0 0 0
3\ 0 0 0
3] 0 0 0
3^ 0 0 0
3_ 0 0 0
3` 0 0 0
3a 0 0 0
3b 0 0 0
3c 0 0 0
3d 0 0 0
3e 0 0 0
3f 0 0 0
3g 0 0 0
3h 0 0 0
3i 0 0 0
3j 0 0 0
3k 0 0 0
3l 0 0 0
3m 0 0 0
3n 0 0 0
3o 0 0 0
3p 0 0 0
3q 0 0 0
3r 0 0 0
3s 0 0 0
3t 0 0 0
3u 0 0 0
3v 0 0 0
3w 0 0 0
3x 0 0 0
3y 0 0 0
3z 0 0 0
3{ 0 0 0
3| 0 0 0
3} 0 0 0
3~ 0 0 0
4  0 0 0
4! 0 0 0
4" 0 0 0
4# 0 0 0
4$ 0 0 0
4% 0 0 0
4& 0 0 0
4' 0 0 0
4( 0 0 0
4) 0 0 0
4* 0 0 0
4+ 0 0 0
4, 0 0 0
4- 0 0 0
4. 0 0 0
4/ 0 0 0
40 0 0 0
41 0 0 0
42 0 0 0
43 0 0 0
44 0 0 0
45 0 0 0
46 0 0 0
47 0 0 0
48 0 0 0
49 0 0 0
4: 0 0 0
4; 0 0 0
4< 0 0 0
4= 0 0 0
4> 0 0 0
4? 0 0 0
4@ 0 0 0
4A 0 0 0
4B 0 0 0
4C 0 0 0
4D 0 0 0
4E 0 0 0
4F 0 0 0
4G 0 0 0
4H 0 0 0
4I 0 0 0
4J 0 0 0
4K 0 0 0
4L 0 0 0
4M 0 0 0
4N 0 0 0
4O 0 0 0
4P 0 0 0
4Q 0 0 0
4R 0 0 0
4S 0 0 0
4T 0 0 0
4U 0 0 0
4V 0 0 0
4W 0 0 0
4X 0 0 0
4Y 0 0 0
4Z 0 0 0
4[ 0 0 0
4\ 0 0 0
4] 0 0 0
4^ 0 0 0
4_ 0 0 0
4` 0 0 0
4a 0 0 0
4b 0 0 0
4c 0 0 0
4d 0 0 0
4e 0 0 0
4f 0 0 0
4g 0 0 0
4h 0 0 0
4i 0 0 0
4j 0 0 0
4k 0 0 0
4l 0 0 0
4m 0 0 0
4n 0 0 0
4o 0 0 0
4p 0 0 0
4q 0 0 0
4r 0 0 0
4s 0 0 0
4t 0 0 0
4u 0 0 0
4v 0 0 0
4w 0 0 0
4x 0 0 0
4y 0 0 0
4z 0 0 0
4{ 0 0 0
4| 0 0 0
4} 0 0 0
4~ 0 0 0
5  0 0 0
5! 0 0 0
5" 0 0 0
5# 0 0 0
5$ 0 0 0
5% 0 0 0
5& 0 0 0
5' 0 0 0
5( 0 0 0
5) 0 0 0
5* 0 0 0
5+ 0 0 0
5, 0 0 0
5- 0 0 0
5. 0 0 0
5/ 0 0 0
50 0 0 0
51 0 0 0
52 0 0 0
53 0 0 0
54 0 0 0
55 0 0 0
56 0 0 0
57 0 0 0
58 0 0 0
59 0 0 0
5: 0 0 0
5; 0 0 0
5< 0 0 0
5= 0 0 0
5> 0 0 0
5? 0 0 0
5@ 0 0 0
5A 0 0 0
5B 0 0 0
5C 0 0 0
5D 0 0 0
5E 0 0 0
5F 0 0 0
5G 0 0 0
5H 0 0 0
5I 0 0 0
5J 0 0 0
5K 0 0 0
5L 0 0 0
5M 0 0 0
5N 0 0 0
5O 0 0 0
5P 0 0 0
5Q 0 0 0
5R 0 0 0
5S 0 0 0
5T 0 0 0
5U 0 0 0
5V 0 0 0
5W 0 0 0
5X 0 0 0
5Y 0 0 0
5Z 0 0 0
5[ 0 0 0
5\ 0 0 0
5] 0 0 0
5^ 0 0 0
5_ 0 0 0
5` 0 0 0
5a 0 0 0
5b 0 0 0
5c 0 0 0
5d 0 0 0
5e 0 0 0
5f 0 0 0
5g 0 0 0
5h 0 0 0
5i 0 0 0
5j 0 0 0
5k 0 0 0
5l 0 0 0
5m 0 0 0
5n 0 0 0
5o 0 0 0
5p 0 0 0
5q 0 0 0
5r 0 0 0
5s 0 0 0
5t 0 0 0
5u 0 0 0
5v 0 0 0
5w 0 0 0
5x 0 0 0
5y 0 0 0
5z 0 0 0
5{ 0 0 0
5| 0 0 0
5} 0 0 0
5~ 0 0 0
6  0 0 0
6! 0 0 0
6" 0 0 0
6# 0 0 0
6$ 0 0 0
6% 0 0 0
6& 0 0 0
6' 0 0 0
6( 0 0 0
6) 0 0 0
6* 0 0 0
6+ 0 0 0
6, 0 0 0
6- 0 0 0
6. 0 0 0
6/ 0 0 0
60 0 0 0
61 0 0 0
62 0 0 0
63 0 0 0
64 0 0 0
65 0 0 0
66 0 0 0
67 0 0 0
68 0 0 0
69 0 0 0
6: 0 0 0
6; 0 0 0
6< 0 0 0
6= 0 0 0
6> 0 0 0
6? 0 0 0
6@ 0 0 0
6A 0 0 0
6B 0 0 0
6C 0 0 0
6D 0 0 0
6E 0 0 0
6F 0 0 0
6G 0 0 0
6H 0 0 0
6I 0 0 0
6J 0 0 0
6K 0 0 0
6L 0 0 0
6M 0 0 0
6N 0 0 0
6O 0 0 0
6P 0 0 0
6Q 0 0 0
6R 0 0 0
6S 0 0 0
6T 0 0 0
6U 0 0 0
6V 0 0 0
6W 0 0 0
6X 0 0 0
6Y 0 0 0
6Z 0 0 0
6[ 0 0 0
6\ 0 0 0
6] 0 0 0
6^ 0 0 0
6_ 0 0 0
6` 0 0 0
6a 0 0 0
6b 0 0 0
6c 0 0 0
6d 0 0 0
6e 0 0 0
6f 0 0 0
6g 0 0 0
6h 0 0 0
6i 0 0 0
6j 0 0 0
6k 0 0 0
6l 0 0 0
6m 0 0 0
6n 0 0 0
6o 0 0 0
6p 0 0 0
6q 0 0 0
6r 0 0 0
6s 0 0 0
6t 0 0 0
6u 0 0 0
6v 0 0 0
6w 0 0 0
6x 0 0 0
6y 0 0 0
6z 0 0 0
6{ 0 0 0
6| 0 0 0
6} 0 0 0
6~ 0 0 0
7  0 0 0
7! 0 0 0
7" 0 0 0
7# 0 0 0
7$ 0 0 0
7% 0 0 0
7& 0 0 0
7' 0 0 0
7( 0 0 0
7) 0 0 0
7* 0 0 0
7+ 0 0 0
7, 0 0 0
7- 0 0 0
7. 0 0 0
7/ 0 0 0
70 0 0 0
71 0 0 0
72 0 0 0
73 0 0 0
74 0 0 0
75 0 0 0
76 0 0 0
77 0 0 0
78 0 0 0
79 0 0 0
7: 0 0 0
7; 0 0 0
7< 0 0 0
7= 0 0 0
7> 0 0 0
7? 0 0 0
7@ 0 0 0
7A 0 0 0
7B 0 0 0
7C 0 0 0
7D 0 0 0
7E 0 0 0
7F 0 0 0
7G 0 0 0
7H 0 0 0
7I 0 0 0
7J 0 0 0
7K 0 0 0
7L 0 0 0
7M 0 0 0
7N 0 0 0
7O 0 0 0
7P 0 0 0
7Q 0 0 0
7R 0 0 0
7S 0 0 0
7T 0 0 0
7U 0 0 0
7V 0 0 0
7W 0 0 0
7X 0 0 0
7Y 0 0 0
7Z 0 0 0
7[ 0 0 0
7\ 0 0 0
7] 0 0 0
7^ 0 0 0
7_ 0 0 0
7` 0 0 0
7a 0 0 0
7b 0 0 0
7c 0 0 0
7d 0 0 0
7e 0 0 0
7f 0 0 0
7g 0 0 0
7h 0 0 0
7i 0 0 0
7j 0 0 0
7k 0 0 0
7l 0 0 0
7m 0 0 0
7n 0 0 0
7o 0 0 0
7p 0 0 0
7q 0 0 0
7r 0 0 0
7s 0 0 0
7t 0 0 0
7u 0 0 0
7v 0 0 0
7w 0 0 0
7x 0 0 0
7y 0 0 0
7z 0 0 0
7{ 0 0 0
7| 0 0 0
7} 0 0 0
7~ 0 0 0
8  0 0 0
8! 0 0 0
8" 0 0 0
8# 0 0 0
8$ 0 0 0
8% 0 0 0
8& 0 0 0
8' 0 0 0
8( 0 0 0
8) 0 0 0
8* 0 0 0
8+ 0 0 0
8, 0 0 0
8- 0 0 0
8. 0 0 0
8/ 0 0 0
80 0 0 0
81 0 0 0
82 0 0 0
83 0 0 0
84 0 0 0
85 0 0 0
86 0 0 0
87 0 0 0
88 0 0 0
89 0 0 0
8: 0 0 0
8; 0 0 0
8< 0 0 0
8= 0 0 0
8> 0 0 0
8? 0 0 0
8@ 0 0 0
8A 0 0 0
8B 0 0 0
8C 0 0 0
8D 0 0 0
8E 0 0 0
8F 0 0 0
8G 0 0 0
8H 0 0 0
8I 0 0 0
8J 0 0 0
8K 0 0 0
8L 0 0 0
8M 0 0 0
8N 0 0 0
8O 0 0 0
8P 0 0 0
8Q 0 0 0
8R 0 0 0
8S 0 0 0
8T 0 0 0
8U 0 0 0
8V 0 0 0
8W 0 0 0
8X 0 0 0
8Y 0 0 0
8Z 0 0 0
8[ 0 0 0
8\ 0 0 0
8] 0 0 0
8^ 0 0 0
8_ 0 0 0
8` 0 0 0
8a 0 0 0
8b 0 0 0
8c 0 0 0
8d 0 0 0
8e 0 0 0
8f 0 0 0
8g 0 0 0
8h 0 0 0
8i 0 0 0
8j 0 0 0
8k 0 0 0
8l 0 0 0
8m 0 0 0
8n 0 0 0
8o 0 0 0
8p 0 0 0
8q 0 0 0
8r 0 0 0
8s 0 0 0
8t 0 0 0
8u 0 0 0
8v 0 0 0
8w 0 0 0
8x 0 0 0
8y 0 0 0
8z 0 0 0
8{ 0 0 0
8| 0 0 0
8} 0 0 0
8~ 0 0 0
9  0 0 0
9! 0 0 0
9" 0 0 0
9# 0 0 0
9$ 0 0 0
9% 0 0 0
9& 0 0 0
9' 0 0 0
9( 0 0 0
9) 0 0 0
9* 0 0 0
9+ 0 0 0
9, 0 0 0
9- 0 0 0
9. 0 0 0
9/ 0 0 0
90 0 0 0
91 0 0 0
92 0 0 0
93 0 0 0
94 0 0 0
95 0 0 0
96 0 0 0
97 0 0 0
98 0 0 0
99 0 0 0
9: 0 0 0
9; 0 0 0
9< 0 0 0
9= 0 0 0
9> 0 0 0
9? 0 0 0
9@ 0 0 0
9A 0 0 0
9B 0 0 0
9C 0 0 0
9D 0 0 0
9E 0 0 0
9F 0 0 0
9G 0 0 0
9H 0 0 0
9I 0 0 0
9J 0 0 0
9K 0 0 0
9L 0 0 0
9M 0 0 0
9N 0 0 0
9O 0 0 0
9P 0 0 0
9Q 0 0 0
9R 0 0 0
9S 0 0 0
9T 0 0 0
9U 0 0 0
9V 0 0 0
9W 0 0 0
9X 0 0 0
9Y 0 0 0
9Z 0 0 0
9[ 0 0 0
9\ 0 0 0
9] 0 0 0
9^ 0 0 0
9_ 0 0 0
9` 0 0 0
9a 0 0 0
9b 0 0 0
9c 0 0 0
9d 0 0 0
9e 0 0 0
9f 0 0 0
9g 0 0 0
9h 0 0 0
9i 0 0 0
9j 0 0 0
9k 0 0 0
9l 0 0 0
9m 0 0 0
9n 0 0 0
9o 0 0 0
9p 0 0 0
9q 0 0 0
9r 0 0 0
9s 0 0 0
9t 0 0 0
9u 0 0 0
9v 0 0 0
9w 0 0 0
9x 0 0 0
9y 0 0 0
9z 0 0 0
9{ 0 0 0
9| 0 0 0
9} 0 0 0
9~ 0 0 0
:  0 0 0
:! 4 0 -1
:" 4 0 -1
:# 4 3 -2
:$ -30 3 -1
:% -30 3 -1
:& -30 3 -1
:' 4 0 -1
:( 4 0 -1
:) 4 0 -1
:* -30 3 -1
:+ -30 3 -1
:, 4 0 -1
:- -30 3 -1
:. 4 0 -1
:/ 4 3 -2
:0 0 0 0
:1 0 0 0
:2 0 0 0
:3 0 0 0
:4 0 0 0
:5 0 0 0
:6 0 0 0
:7 0 0 0
:8 0 0 0
:9 0 0 0
:: 4 0 -1
:; 4 0 -1
:< -30 3 -1
:= -30 3 -1
:> -30 3 -1
:? 4 3 -2
:@ -30 3 -1
:A 0 0 0
:B 0 0 0
:C 0 0 0
:D 0 0 0
:E 0 0 0
:F 0 0 0
:G 0 0 0
:H 0 0 0
:I 0 0 0
:J 0 0 0
:K 0 0 0
:L 0 0 0
:M 0 0 0
:N 0 0 0
:O 0 0 0
:P 0 0 0
:Q 0 0 0
:R 0 0 0
:S 0 0 0
:T 0 0 0
:U 0 0 0
:V 0 0 0
:W 0 0 0
:X 0 0 0
:Y 0 0 0
:Z 0 0 0
:[ 4 3 -2
:\ 4 3 -2
:] 4 0 -1
:^ 4 3 -2
:_ 4 3 -2
:` 4 0 -1
:a 4 3 -2
:b -30 3 -1
:c 4 3 -2
:d 4 3 -2
:e 4 3 -2
:f -30 3 -1
:g -30 3 -1
:h -30 3 -1
:i 4 0 -1
:j -30 3 -1
:k -30 3 -1
:l 4 0 -1
:m 4 3 -2
:n 4 3 -2
:o 4 0 -1
:p -30 3 -1
:q 4 3 -2
:r -30 3 -1
:s -30 3 -1
:t -30 3 -1
:u 4 3 -2
:v 4 3 -2
:w 4 3 -2
:x -30 3 -1
:y -30 3 -1
:z -30 3 -1
:{ -30 3 -1
:| 4 0 -1
:} -30 3 -1
:~ 4 0 -1
;  0 0 0
;! 4 0 -1
;" 4 3 -2
;# -30 3 -1
;$ -30 3 -1
;% -30 3 -1
;& -30 3 -1
;' 4 0 -1
;( 4 3 -2
;) 4 0 -1
;* 4 3 -2
;+ -30 3 -1
;, 4 0 -1
;- -30 3 -1
;. 4 3 -2
;/ 4 3 -2
;0 0 0 0
;1 0 0 0
;2 0 0 0
;3 0 0 0
;4 0 0 0
;5 0 0 0
;6 0 0 0
;7 0 0 0
;8 0 0 0
;9 0 0 0
;: -30 3 -1
;; 4 3 -2
;< 4 3 -2
;= -30 3 -1
;> -30 3 -1
;? 4 0 -1
;@ -30 3 -1
;A 0 0 0
;B 0 0 0
;C 0 0 0
;D 0 0 0
;E 0 0 0
;F 0 0 0
;G 0 0 0
;H 0 0 0
;I 0 0 0
;J 0 0 0
;K 0 0 0
;L 0 0 0
;M 0 0 0
;N 0 0 0
;O 0 0 0
;P 0 0 0
;Q 0 0 0
;R 0 0 0
;S 0 0 0
;T 0 0 0
;U 0 0 0
;V 0 0 0
;W 0 0 0
;X 0 0 0
;Y 0 0 0
;Z 0 0 0
;[ 4 3 -2
;\ 4 0 -1
;] 4 0 -1
;^ 4 3 -2
;_ 4 3 -2
;` 4 0 -1
;a 4 3 -2
;b 4 3 -2
;c 4 3 -2
;d 4 3 -2
;e 4 3 -2
;f 4 0 -1
;g 4 3 -2
;h 4 3 -2
;i 4 0 -1
;j -30 3 -1
;k -30 3 -1
;l 4 0 -1
;m -30 3 -1
;n 4 3 -2
;o 4 3 -2
;p -30 3 -1
;q 4 3 -2
;r -30 3 -1
;s -30 3 -1
;t -30 3 -1
;u 4 3 -2
;v 4 3 -2
;w -30 3 -1
;x -30 3 -1
;y -30 3 -1
;z -30 3 -1
;{ -30 3 -1
;| 4 0 -1
;} 4 3 -2
;~ 4 3 -2
<  0 0 0
<! 4 3 -2
<" -30 3 -1
<# 4 3 -2
<$ -30 3 -1
<% -30 4 3
<& -30 3 -1
<' 4 3 -2
<( -30 3 -1
<) -30 3 -1
<* -30 4 3
<+ 4 3 -2
<, 4 3 -2
<- 4 3 -2
<. -30 3 -1
</ -30 4 3
<0 0 0 0
<1 0 0 0
<2 0 0 0
<3 0 0 0
<4 0 0 0
<5 0 0 0
<6 0 0 0
<7 0 0 0
<8 0 0 0
<9 0 0 0
<: -30 3 -1
<; -30 4 3
<< 4 0 -1
<= 4 3 -2
<> -30 4 3
<? -30 3 -1
<@ -30 4 3
<A 0 0 0
<B 0 0 0
<C 0 0 0
<D 0 0 0
<E 0 0 0
<F 0 0 0
<G 0 0 0
<H 0 0 0
<I 0 0 0
<J 0 0 0
<K 0 0 0
<L 0 0 0
<M 0 0 0
<N 0 0 0
<O 0 0 0
<P 0 0 0
<Q 0 0 0
<R 0 0 0
<S 0 0 0
<T 0 0 0
<U 0 0 0
<V 0 0 0
<W 0 0 0
<X 0 0 0
<Y 0 0 0
<Z 0 0 0
<[ 4 3 -2
<\ -30 4 3
<] 4 3 -2
<^ 4 4 2
<_ -30 3 -1
<` 4 3 -2
<a 4 3 -2
<b -30 4 3
<c -30 3 -1
<d -30 3 -1
<e 4 3 -2
<f 4 3 -2
<g -30 4 3
<h -30 4 3
<i 4 0 -1
<j -30 4 3
<k -30 4 3
<l -30 3 -1
<m -30 3 -1
<n -30 3 -1
<o 4 3 -2
<p -30 3 -1
<q 4 3 -2
<r -30 3 -1
<s -30 3 -1
<t 4 3 -2
<u 4 3 -2
<v 4 0 -1
<w -30 3 -1
<x -30 3 -1
<y -30 4 3
<z -30 3 -1
<{ 4 3 -2
<| 4 3 -2
<} -30 1 4
<~ -30 3 -1
=  0 0 0
=! 4 3 -2
=" -30 1 4
=# -30 1 4
=$ -30 4 3
=% -30 4 3
=& -30 3 -1
=' 4 3 -2
=( -30 1 4
=) 4 3 -2
=* -30 3 -1
=+ -30 3 -1
=, 4 0 -1
=- -30 4 3
=. 4 0 -1
=/ -30 4 3
=0 0 0 0
=1 0 0 0
=2 0 0 0
=3 0 0 0
=4 0 0 0
=5 0 0 0
=6 0 0 0
=7 0 0 0
=8 0 0 0
=9 0 0 0
=: -30 3 -1
=; -30 3 -1
=< -30 3 -1
== 4 0 -1
=> 4 3 -2
=? -30 3 -1
=@ -30 3 -1
=A 0 0 0
=B 0 0 0
=C 0 0 0
=D 0 0 0
=E 0 0 0
=F 0 0 0
=G 0 0 0
=H 0 0 0
=I 0 0 0
=J 0 0 0
=K 0 0 0
=L 0 0 0
=M 0 0 0
=N 0 0 0
=O 0 0 0
=P 0 0 0
=Q 0 0 0
=R 0 0 0
=S 0 0 0
=T 0 0 0
=U 0 0 0
=V 0 0 0
=W 0 0 0
=X 0 0 0
=Y 0 0 0
=Z 0 0 0
=[ 4 3 -2
=\ 4 3 -2
=] 4 0 -1
=^ -30 3 -1
=_ 4 3 -2
=` 4 0 -1
=a -30 3 -1
=b -30 3 -1
=c -30 3 -1
=d -30 3 -1
=e -30 3 -1
=f -30 3 -1
=g -30 3 -1
=h -30 3 -1
=i 4 0 -1
=j 4 3 -2
=k -30 3 -1
=l 4 3 -2
=m -30 3 -1
=n -30 3 -1
=o -30 3 -1
=p -30 4 3
=q -30 3 -1
=r -30 4 3
=s -30 3 -1
=t -30 4 3
=u -30 3 -1
=v -30 3 -1
=w -30 3 -1
=x -30 3 -1
=y -30 3 -1
=z -30 3 -1
={ -30 4 3
=| 4 0 -1
=} 4 3 -2
=~ 4 3 -2
>  0 0 0
>! 4 0 -1
>" 4 0 -1
># -30 4 3
>$ -30 3 -1
>% 4 3 -2
>& -30 4 3
>' 4 0 -1
>( -30 3 -1
>) 4 3 -2
>* -30 3 -1
>+ -30 4 3
>, 4 0 -1
>- -30 4 3
>. 4 0 -1
>/ 4 3 -2
>0 0 0 0
>1 0 0 0
>2 0 0 0
>3 0 0 0
>4 0 0 0
>5 0 0 0
>6 0 0 0
>7 0 0 0
>8 0 0 0
>9 0 0 0
>: -30 3 -1
>; -30 3 -1
>< -30 3 -1
>= -30 3 -1
>> 4 0 -1
>? 4 3 -2
>@ -30 3 -1
>A 0 0 0
>B 0 0 0
>C 0 0 0
>D 0 0 0
>E 0 0 0
>F 0 0 0
>G 0 0 0
>H 0 0 0
>I 0 0 0
>J 0 0 0
>K 0 0 0
>L 0 0 0
>M 0 0 0
>N 0 0 0
>O 0 0 0
>P 0 0 0
>Q 0 0 0
>R 0 0 0
>S 0 0 0
>T 0 0 0
>U 0 0 0
>V 0 0 0
>W 0 0 0
>X 0 0 0
>Y 0 0 0
>Z 0 0 0
>[ -30 3 -1
>\ 4 3 -2
>] 4 0 -1
>^ 4 3 -2
>_ 4 0 -1
>` 4 0 -1
>a 4 3 -2
>b -30 3 -1
>c -30 3 -1
>d -30 3 -1
>e -30 3 -1
>f -30 4 3
>g -30 3 -1
>h -30 3 -1
>i 4 3 -2
>j 4 0 -1
>k -30 3 -1
>l 4 0 -1
>m -30 3 -1
>n -30 3 -1
>o -30 3 -1
>p -30 3 -1
>q -30 3 -1
>r -30 3 -1
>s -30 3 -1
>t -30 3 -1
>u -30 3 -1
>v -30 3 -1
>w -30 3 -1
>x -30 3 -1
>y -30 3 -1
>z -30 3 -1
>{ -30 4 3
>| 4 0 -1
>} 4 3 -2
>~ 4 3 -2
?  0 0 0
?! 4 0 -1
?" 4 0 -1
?# -30 4 3
?$ -30 4 3
?% -30 3 -1
?& -30 4 3
?' 4 0 -1
?( 4 3 -2
?) 4 3 -2
?* -30 3 -1
?+ -30 3 -1
?, 4 0 -1
?- -30 4 3
?. 4 0 -1
?/ 4 0 -1
?0 0 0 0
?1 0 0 0
?2 0 0 0
?3 0 0 0
?4 0 0 0
?5 0 0 0
?6 0 0 0
?7 0 0 0
?8 0 0 0
?9 0 0 0
?: -30 3 -1
?; -30 3 -1
?< -30 4 3
?= -30 3 -1
?> -30 3 -1
?? -30 3 -1
?@ -30 4 3
?A 0 0 0
?B 0 0 0
?C 0 0 0
?D 0 0 0
?E 0 0 0
?F 0 0 0
?G 0 0 0
?H 0 0 0
?I 0 0 0
?J 0 0 0
?K 0 0 0
?L 0 0 0
?M 0 0 0
?N 0 0 0
?O 0 0 0
?P 0 0 0
?Q 0 0 0
?R 0 0 0
?S 0 0 0
?T 0 0 0
?U 0 0 0
?V 0 0 0
?W 0 0 0
?X 0 0 0
?Y 0 0 0
?Z 0 0 0
?[ 4 3 -2
?\ -30 3 -1
?] 4 3 -2
?^ -30 3 -1
?_ 4 0 -1
?` 4 0 -1
?a 4 3 -2
?b -30 3 -1
?c -30 3 -1
?d 4 3 -2
?e 4 3 -2
?f -30 3 -1
?g 4 3 -2
?h -30 3 -1
?i 4 0 -1
?j 4 0 -1
?k -30 3 -1
?l 4 3 -2
?m -30 3 -1
?n -30 3 -1
?o 4 3 -2
?p -30 3 -1
?q 4 3 -2
?r -30 3 -1
?s -30 3 -1
?t -30 3 -1
?u -30 3 -1
?v -30 3 -1
?w -30 3 -1
?x -30 3 -1
?y -30 3 -1
?z -30 3 -1
?{ -30 3 -1
?| 4 0 -1
?} 4 3 -2
?~ -30 3 -1
@  0 0 0
@! 4 0 -1
@" 4 3 -2
@# -30 4 3
@$ -30 4 3
@% -30 3 -1
@& -30 4 3
@' 4 0 -1
@( 4 3 -2
@) 4 3 -2
@* -30 3 -1
@+ -30 3 -1
@, 4 0 -1
@- -30 3 -1
@. 4 3 -2
@/ -30 3 -1
@0 0 0 0
@1 0 0 0
@2 0 0 0
@3 0 0 0
@4 0 0 0
@5 0 0 0
@6 0 0 0
@7 0 0 0
@8 0 0 0
@9 0 0 0
@: 4 3 -2
@; 4 3 -2
@< -30 3 -1
@= -30 3 -1
@> -30 3 -1
@? -30 4 3
@@ -30 3 -1
@A 0 0 0
@B 0 0 0
@C 0 0 0
@D 0 0 0
@E 0 0 0
@F 0 0 0
@G 0 0 0
@H 0 0 0
@I 0 0 0
@J 0 0 0
@K 0 0 0
@L 0 0 0
@M 0 0 0
@N 0 0 0
@O 0 0 0
@P 0 0 0
@Q 0 0 0
@R 0 0 0
@S 0 0 0
@T 0 0 0
@U 0 0 0
@V 0 0 0
@W 0 0 0
@X 0 0 0
@Y 0 0 0
@Z 0 0 0
@[ 4 3 -2
@\ -30 3 -1
@] 4 0 -1
@^ -30 3 -1
@_ -30 3 -1
@` 4 0 -1
@a -30 3 -1
@b -30 3 -1
@c -30 3 -1
@d -30 3 -1
@e -30 3 -1
@f -30 3 -1
@g -30 3 -1
@h -30 3 -1
@i 4 3 -2
@j -30 3 -1
@k -30 3 -1
@l -30 3 -1
@m -30 3 -1
@n -30 3 -1
@o -30 3 -1
@p -30 3 -1
@q -30 3 -1
@r -30 3 -1
@s -30 3 -1
@t -30 3 -1
@u -30 3 -1
@v -30 3 -1
@w -30 3 -1
@x -30 3 -1
@y -30 3 -1
@z -30 3 -1
@{ -30 3 -1
@| 4 0 -1
@} -30 3 -1
@~ 4 3 -2
A  0 0 0
A! 0 0 0
A" 0 0 0
A# 0 0 0
A$ 0 0 0
A% 0 0 0
A& 0 0 0
A' 0 0 0
A( 0 0 0
A) 0 0 0
A* 0 0 0
A+ 0 0 0
A, 0 0 0
A- 0 0 0
A. 0 0 0
A/ 0 0 0
A0 0 0 0
A1 0 0 0
A2 0 0 0
A3 0 0 0
A4 0 0 0
A5 0 0 0
A6 0 0 0
A7 0 0 0
A8 0 0 0
A9 0 0 0
A: 0 0 0
A; 0 0 0
A< 0 0 0
A= 0 0 0
A> 0 0 0
A? 0 0 0
A@ 0 0 0
AA 0 0 0
AB 0 0 0
AC 0 0 0
AD 0 0 0
AE 0 0 0
AF 0 0 0
AG 0 0 0
AH 0 0 0
AI 0 0 0
AJ 0 0 0
AK 0 0 0
AL 0 0 0
AM 0 0 0
AN 0 0 0
AO 0 0 0
AP 0 0 0
AQ 0 0 0
AR 0 0 0
AS 0 0 0
AT 0 0 0
AU 0 0 0
AV 0 0 0
AW 0 0 0
AX 0 0 0
AY 0 0 0
AZ 0 0 0
A[ 0 0 0
A\ 0 0 0
A] 0 0 0
A^ 0 0 0
A_ 0 0 0
A` 0 0 0
Aa 0 0 0
Ab 0 0 0
Ac 0 0 0
Ad 0 0 0
Ae 0 0 0
Af 0 0 0
Ag 0 0 0
Ah 0 0 0
Ai 0 0 0
Aj 0 0 0
Ak 0 0 0
Al 0 0 0
Am 0 0 0
An 0 0 0
Ao 0 0 0
Ap 0 0 0
Aq 0 0 0
Ar 0 0 0
As 0 0 0
At 0 0 0
Au 0 0 0
Av 0 0 0
Aw 0 0 0
Ax 0 0 0
Ay 0 0 0
Az 0 0 0
A{ 0 0 0
A| 0 0 0
A} 0 0 0
A~ 0 0 0
B  0 0 0
B! 0 0 0
B" 0 0 0
B# 0 0 0
B$ 0 0 0
B% 0 0 0
B& 0 0 0
B' 0 0 0
B( 0 0 0
B) 0 0 0
B* 0 0 0
B+ 0 0 0
B, 0 0 0
B- 0 0 0
B. 0 0 0
B/ 0 0 0
B0 0 0 0
B1 0 0 0
B2 0 0 0
B3 0 0 0
B4 0 0 0
B5 0 0 0
B6 0 0 0
B7 0 0 0
B8 0 0 0
B9 0 0 0
B: 0 0 0
B; 0 0 0
B< 0 0 0
B= 0 0 0
B> 0 0 0
B? 0 0 0
B@ 0 0 0
BA 0 0 0
BB 0 0 0
BC 0 0 0
BD 0 0 0
BE 0 0 0
BF 0 0 0
BG 0 0 0
BH 0 0 0
BI 0 0 0
BJ 0 0 0
BK 0 0 0
BL 0 0 0
BM 0 0 0
BN 0 0 0
BO 0 0 0
BP 0 0 0
BQ 0 0 0
BR 0 0 0
BS 0 0 0
BT 0 0 0
BU 0 0 0
BV 0 0 0
BW 0 0 0
BX 0 0 0
BY 0 0 0
BZ 0 0 0
B[ 0 0 0
B\ 0 0 0
B] 0 0 0
B^ 0 0 0
B_ 0 0 0
B` 0 0 0
Ba 0 0 0
Bb 0 0 0
Bc 0 0 0
Bd 0 0 0
Be 0 0 0
Bf 0 0 0
Bg 0 0 0
Bh 0 0 0
Bi 0 0 0
Bj 0 0 0
Bk 0 0 0
Bl 0 0 0
Bm 0 0 0
Bn 0 0 0
Bo 0 0 0
Bp 0 0 0
Bq 0 0 0
Br 0 0 0
Bs 0 0 0
Bt 0 0 0
Bu 0 0 0
Bv 0 0 0
Bw 0 0 0
Bx 0 0 0
By 0 0 0
Bz 0 0 0
B{ 0 0 0
B| 0 0 0
B} 0 0 0
B~ 0 0 0
C  0 0 0
C! 0 0 0
C" 0 0 0
C# 0 0 0
C$ 0 0 0
C% 0 0 0
C& 0 0 0
C' 0 0 0
C( 0 0 0
C) 0 0 0
C* 0 0 0
C+ 0 0 0
C, 0 0 0
C- 0 0 0
C. 0 0 0
C/ 0 0 0
C0 0 0 0
C1 0 0 0
C2 0 0 0
C3 0 0 0
C4 0 0 0
C5 0 0 0
C6 0 0 0
C7 0 0 0
C8 0 0 0
C9 0 0 0
C: 0 0 0
C; 0 0 0
C< 0 0 0
C= 0 0 0
C> 0 0 0
C? 0 0 0
C@ 0 0 0
CA 0 0 0
CB 0 0 0
CC 0 0 0
CD 0 0 0
CE 0 0 0
CF 0 0 0
CG 0 0 0
CH 0 0 0
CI 0 0 0
CJ 0 0 0
CK 0 0 0
CL 0 0 0
CM 0 0 0
CN 0 0 0
CO 0 0 0
CP 0 0 0
CQ 0 0 0
CR 0 0 0
CS 0 0 0
CT 0 0 0
CU 0 0 0
CV 0 0 0
CW 0 0 0
CX 0 0 0
CY 0 0 0
CZ 0 0 0
C[ 0 0 0
C\ 0 0 0
C] 0 0 0
C^ 0 0 0
C_ 0 0 0
C` 0 0 0
Ca 0 0 0
Cb 0 0 0
Cc 0 0 0
Cd 0 0 0
Ce 0 0 0
Cf 0 0 0
Cg 0 0 0
Ch 0 0 0
Ci 0 0 0
Cj 0 0 0
Ck 0 0 0
Cl 0 0 0
Cm 0 0 0
Cn 0 0 0
Co 0 0 0
Cp 0 0 0
Cq 0 0 0
Cr 0 0 0
Cs 0 0 0
Ct 0 0 0
Cu 0 0 0
Cv 0 0 0
Cw 0 0 0
Cx 0 0 0
Cy 0 0 0
Cz 0 0 0
C{ 0 0 0
C| 0 0 0
C} 0 0 0
C~ 0 0 0
D  0 0 0
D! 0 0 0
D" 0 0 0
D# 0 0 0
D$ 0 0 0
D% 0 0 0
D& 0 0 0
D' 0 0 0
D( 0 0 0
D) 0 0 0
D* 0 0 0
D+ 0 0 0
D, 0 0 0
D- 0 0 0
D. 0 0 0
D/ 0 0 0
D0 0 0 0
D1 0 0 0
D2 0 0 0
D3 0 0 0
D4 0 0 0
D5 0 0 0
D6 0 0 0
D7 0 0 0
D8 0 0 0
D9 0 0 0
D: 0 0 0
D; 0 0 0
D< 0 0 0
D= 0 0 0
D> 0 0 0
D? 0 0 0
D@ 0 0 0
DA 0 0 0
DB 0 0 0
DC 0 0 0
DD 0 0 0
DE 0 0 0
DF 0 0 0
DG 0 0 0
DH 0 0 0
DI 0 0 0
DJ 0 0 0
DK 0 0 0
DL 0 0 0
DM 0 0 0
DN 0 0 0
DO 0 0 0
DP 0 0 0
DQ 0 0 0
DR 0 0 0
DS 0 0 0
DT 0 0 0
DU 0 0 0
DV 0 0 0
DW 0 0 0
DX 0 0 0
DY 0 0 0
DZ 0 0 0
D[ 0 0 0
D\ 0 0 0
D] 0 0 0
D^ 0 0 0
D_ 0 0 0
D` 0 0 0
Da 0 0 0
Db 0 0 0
Dc 0 0 0
Dd 0 0 0
De 0 0 0
Df 0 0 0
Dg 0 0 0
Dh 0 0 0
Di 0 0 0
Dj 0 0 0
Dk 0 0 0
Dl 0 0 0
Dm 0 0 0
Dn 0 0 0
Do 0 0 0
Dp 0 0 0
Dq 0 0 0
Dr 0 0 0
Ds 0 0 0
Dt 0 0 0
Du 0 0 0
Dv 0 0 0
Dw 0 0 0
Dx 0 0 0
Dy 0 0 0
Dz 0 0 0
D{ 0 0 0
D| 0 0 0
D} 0 0 0
D~ 0 0 0
E  0 0 0
E! 0 0 0
E" 0 0 0
E# 0 0 0
E$ 0 0 0
E% 0 0 0
E& 0 0 0
E' 0 0 0
E( 0 0 0
E) 0 0 0
E* 0 0 0
E+ 0 0 0
E, 0 0 0
E- 0 0 0
E. 0 0 0
E/ 0 0 0
E0 0 0 0
E1 0 0 0
E2 0 0 0
E3 0 0 0
E4 0 0 0
E5 0 0 0
E6 0 0 0
E7 0 0 0
E8 0 0 0
E9 0 0 0
E: 0 0 0
E; 0 0 0
E< 0 0 0
E= 0 0 0
E> 0 0 0
E? 0 0 0
E@ 0 0 0
EA 0 0 0
EB 0 0 0
EC 0 0 0
ED 0 0 0
EE 0 0 0
EF 0 0 0
EG 0 0 0
EH 0 0 0
EI 0 0 0
EJ 0 0 0
EK 0 0 0
EL 0 0 0
EM 0 0 0
EN 0 0 0
EO 0 0 0
EP 0 0 0
EQ 0 0 0
ER 0 0 0
ES 0 0 0
ET 0 0 0
EU 0 0 0
EV 0 0 0
EW 0 0 0
EX 0 0 0
EY 0 0 0
EZ 0 0 0
E[ 0 0 0
E\ 0 0 0
E] 0 0 0
E^ 0 0 0
E_ 0 0 0
E` 0 0 0
Ea 0 0 0
Eb 0 0 0
Ec 0 0 0
Ed 0 0 0
Ee 0 0 0
Ef 0 0 0
Eg 0 0 0
Eh 0 0 0
Ei 0 0 0
Ej 0 0 0
Ek 0 0 0
El 0 0 0
Em 0 0 0
En 0 0 0
Eo 0 0 0
Ep 0 0 0
Eq 0 0 0
Er 0 0 0
Es 0 0 0
Et 0 0 0
Eu 0 0 0
Ev 0 0 0
Ew 0 0 0
Ex 0 0 0
Ey 0 0 0
Ez 0 0 0
E{ 0 0 0
E| 0 0 0
E} 0 0 0
E~ 0 0 0
F  0 0 0
F! 0 0 0
F" 0 0 0
F# 0 0 0
F$ 0 0 0
F% 0 0 0
F& 0 0 0
F' 0 0 0
F( 0 0 0
F) 0 0 0
F* 0 0 0
F+ 0 0 0
F, 0 0 0
F- 0 0 0
F. 0 0 0
F/ 0 0 0
F0 0 0 0
F1 0 0 0
F2 0 0 0
F3 0 0 0
F4 0 0 0
F5 0 0 0
F6 0 0 0
F7 0 0 0
F8 0 0 0
F9 0 0 0
F: 0 0 0
F; 0 0 0
F< 0 0 0
F= 0 0 0
F> 0 0 0
F? 0 0 0
F@ 0 0 0
FA 0 0 0
FB 0 0 0
FC 0 0 0
FD 0 0 0
FE 0 0 0
FF 0 0 0
FG 0 0 0
FH 0 0 0
FI 0 0 0
FJ 0 0 0
FK 0 0 0
FL 0 0 0
FM 0 0 0
FN 0 0 0
FO 0 0 0
FP 0 0 0
FQ 0 0 0
FR 0 0 0
FS 0 0 0
FT 0 0 0
FU 0 0 0
FV 0 0 0
FW 0 0 0
FX 0 0 0
FY 0 0 0
FZ 0 0 0
F[ 0 0 0
F\ 0 0 0
F] 0 0 0
F^ 0 0 0
F_ 0 0 0
F` 0 0 0
Fa 0 0 0
Fb 0 0 0
Fc 0 0 0
Fd 0 0 0
Fe 0 0 0
Ff 0 0 0
Fg 0 0 0
Fh 0 0 0
Fi 0 0 0
Fj 0 0 0
Fk 0 0 0
Fl 0 0 0
Fm 0 0 0
Fn 0 0 0
Fo 0 0 0
Fp 0 0 0
Fq 0 0 0
Fr 0 0 0
Fs 0 0 0
Ft 0 0 0
Fu 0 0 0
Fv 0 0 0
Fw 0 0 0
Fx 0 0 0
Fy 0 0 0
Fz 0 0 0
F{ 0 0 0
F| 0 0 0
F} 0 0 0
F~ 0 0 0
G  0 0 0
G! 0 0 0
G" 0 0 0
G# 0 0 0
G$ 0 0 0
G% 0 0 0
G& 0 0 0
G' 0 0 0
G( 0 0 0
G) 0 0 0
G* 0 0 0
G+ 0 0 0
G, 0 0 0
G- 0 0 0
G. 0 0 0
G/ 0 0 0
G0 0 0 0
G1 0 0 0
G2 0 0 0
G3 0 0 0
G4 0 0 0
G5 0 0 0
G6 0 0 0
G7 0 0 0
G8 0 0 0
G9 0 0 0
G: 0 0 0
G; 0 0 0
G< 0 0 0
G= 0 0 0
G> 0 0 0
G? 0 0 0
G@ 0 0 0
GA 0 0 0
GB 0 0 0
GC 0 0 0
GD 0 0 0
GE 0 0 0
GF 0 0 0
GG 0 0 0
GH 0 0 0
GI 0 0 0
GJ 0 0 0
GK 0 0 0
GL 0 0 0
GM 0 0 0
GN 0 0 0
GO 0 0 0
GP 0 0 0
GQ 0 0 0
GR 0 0 0
GS 0 0 0
GT 0 0 0
GU 0 0 0
GV 0 0 0
GW 0 0 0
GX 0 0 0
GY 0 0 0
GZ 0 0 0
G[ 0 0 0
G\ 0 0 0
G] 0 0 0
G^ 0 0 0
G_ 0 0 0
G` 0 0 0
Ga 0 0 0
Gb 0 0 0
Gc 0 0 0
Gd 0 0 0
Ge 0 0 0
Gf 0 0 0
Gg 0 0 0
Gh 0 0 0
Gi 0 0 0
Gj 0 0 0
Gk 0 0 0
Gl 0 0 0
Gm 0 0 0
Gn 0 0 0
Go 0 0 0
Gp 0 0 0
Gq 0 0 0
Gr 0 0 0
Gs 0 0 0
Gt 0 0 0
Gu 0 0 0
Gv 0 0 0
Gw 0 0 0
Gx 0 0 0
Gy 0 0 0
Gz 0 0 0
G{ 0 0 0
G| 0 0 0
G} 0 0 0
G~ 0 0 0
H  0 0 0
H! 0 0 0
H" 0 0 0
H# 0 0 0
H$ 0 0 0
H% 0 0 0
H& 0 0 0
H' 0 0 0
H( 0 0 0
H) 0 0 0
H* 0 0 0
H+ 0 0 0
H, 0 0 0
H- 0 0 0
H. 0 0 0
H/ 0 0 0
H0 0 0 0
H1 0 0 0
H2 0 0 0
H3 0 0 0
H4 0 0 0
H5 0 0 0
H6 0 0 0
H7 0 0 0
H8 0 0 0
H9 0 0 0
H: 0 0 0
H; 0 0 0
H< 0 0 0
H= 0 0 0
H> 0 0 0
H? 0 0 0
H@ 0 0 0
HA 0 0 0
HB 0 0 0
HC 0 0 0
HD 0 0 0
HE 0 0 0
HF 0 0 0
HG 0 0 0
HH 0 0 0
HI 0 0 0
HJ 0 0 0
HK 0 0 0
HL 0 0 0
HM 0 0 0
HN 0 0 0
HO 0 0 0
HP 0 0 0
HQ 0 0 0
HR 0 0 0
HS 0 0 0
HT 0 0 0
HU 0 0 0
HV 0 0 0
HW 0 0 0
HX 0 0 0
HY 0 0 0
HZ 0 0 0
H[ 0 0 0
H\ 0 0 0
H] 0 0 0
H^ 0 0 0
H_ 0 0 0
H` 0 0 0
Ha 0 0 0
Hb 0 0 0
Hc 0 0 0
Hd 0 0 0
He 0 0 0
Hf 0 0 0
Hg 0 0 0
Hh 0 0 0
Hi 0 0 0
Hj 0 0 0
Hk 0 0 0
Hl 0 0 0
Hm 0 0 0
Hn 0 0 0
Ho 0 0 0
Hp 0 0 0
Hq 0 0 0
Hr 0 0 0
Hs 0 0 0
Ht 0 0 0
Hu 0 0 0
Hv 0 0 0
Hw 0 0 0
Hx 0 0 0
Hy 0 0 0
Hz 0 0 0
H{ 0 0 0
H| 0 0 0
H} 0 0 0
H~ 0 0 0
I  0 0 0
I! 0 0 0
I" 0 0 0
I# 0 0 0
I$ 0 0 0
I% 0 0 0
I& 0 0 0
I' 0 0 0
I( 0 0 0
I) 0 0 0
I* 0 0 0
I+ 0 0 0
I, 0 0 0
I- 0 0 0
I. 0 0 0
I/ 0 0 0
I0 0 0 0
I1 0 0 0
I2 0 0 0
I3 0 0 0
I4 0 0 0
I5 0 0 0
I6 0 0 0
I7 0 0 0
I8 0 0 0
I9 0 0 0
I: 0 0 0
I; 0 0 0
I< 0 0 0
I= 0 0 0
I> 0 0 0
I? 0 0 0
I@ 0 0 0
IA 0 0 0
IB 0 0 0
IC 0 0 0
ID 0 0 0
IE 0 0 0
IF 0 0 0
IG 0 0 0
IH 0 0 0
II 0 0 0
IJ 0 0 0
IK 0 0 0
IL 0 0 0
IM 0 0 0
IN 0 0 0
IO 0 0 0
IP 0 0 0
IQ 0 0 0
IR 0 0 0
IS 0 0 0
IT 0 0 0
IU 0 0 0
IV 0 0 0
IW 0 0 0
IX 0 0 0
IY 0 0 0
IZ 0 0 0
I[ 0 0 0
I\ 0 0 0
I] 0 0 0
I^ 0 0 0
I_ 0 0 0
I` 0 0 0
Ia 0 0 0
Ib 0 0 0
Ic 0 0 0
Id 0 0 0
Ie 0 0 0
If 0 0 0
Ig 0 0 0
Ih 0 0 0
Ii 0 0 0
Ij 0 0 0
Ik 0 0 0
Il 0 0 0
Im 0 0 0
In 0 0 0
Io 0 0 0
Ip 0 0 0
Iq 0 0 0
Ir 0 0 0
Is 0 0 0
It 0 0 0
Iu 0 0 0
Iv 0 0 0
Iw 0 0 0
Ix 0 0 0
Iy 0 0 0
Iz 0 0 0
I{ 0 0 0
I| 0 0 0
I} 0 0 0
I~ 0 0 0
J  0 0 0
J! 0 0 0
J" 0 0 0
J# 0 0 0
J$ 0 0 0
J% 0 0 0
J& 0 0 0
J' 0 0 0
J( 0 0 0
J) 0 0 0
J* 0 0 0
J+ 0 0 0
J, 0 0 0
J- 0 0 0
J. 0 0 0
J/ 0 0 0
J0 0 0 0
J1 0 0 0
J2 0 0 0
J3 0 0 0
J4 0 0 0
J5 0 0 0
J6 0 0 0
J7 0 0 0
J8 0 0 0
J9 0 0 0
J: 0 0 0
J; 0 0 0
J< 0 0 0
J= 0 0 0
J> 0 0 0
J? 0 0 0
J@ 0 0 0
JA 0 0 0
JB 0 0 0
JC 0 0 0
JD 0 0 0
JE 0 0 0
JF 0 0 0
JG 0 0 0
JH 0 0 0
JI 0 0 0
JJ 0 0 0
JK 0 0 0
JL 0 0 0
JM 0 0 0
JN 0 0 0
JO 0 0 0
JP 0 0 0
JQ 0 0 0
JR 0 0 0
JS 0 0 0
JT 0 0 0
JU 0 0 0
JV 0 0 0
JW 0 0 0
JX 0 0 0
JY 0 0 0
JZ 0 0 0
J[ 0 0 0
J\ 0 0 0
J] 0 0 0
J^ 0 0 0
J_ 0 0 0
J` 0 0 0
Ja 0 0 0
Jb 0 0 0
Jc 0 0 0
Jd 0 0 0
Je 0 0 0
Jf 0 0 0
Jg 0 0 0
Jh 0 0 0
Ji 0 0 0
Jj 0 0 0
Jk 0 0 0
Jl 0 0 0
Jm 0 0 0
Jn 0 0 0
Jo 0 0 0
Jp 0 0 0
Jq 0 0 0
Jr 0 0 0
Js 0 0 0
Jt 0 0 0
Ju 0 0 0
Jv 0 0 0
Jw 0 0 0
Jx 0 0 0
Jy 0 0 0
Jz 0 0 0
J{ 0 0 0
J| 0 0 0
J} 0 0 0
J~ 0 0 0
K  0 0 0
K! 0 0 0
K" 0 0 0
K# 0 0 0
K$ 0 0 0
K% 0 0 0
K& 0 0 0
K' 0 0 0
K( 0 0 0
K) 0 0 0
K* 0 0 0
K+ 0 0 0
K, 0 0 0
K- 0 0 0
K. 0 0 0
K/ 0 0 0
K0 0 0 0
K1 0 0 0
K2 0 0 0
K3 0 0 0
K4 0 0 0
K5 0 0 0
K6 0 0 0
K7 0 0 0
K8 0 0 0
K9 0 0 0
K: 0 0 0
K; 0 0 0
K< 0 0 0
K= 0 0 0
K> 0 0 0
K? 0 0 0
K@ 0 0 0
KA 0 0 0
KB 0 0 0
KC 0 0 0
KD 0 0 0
KE 0 0 0
KF 0 0 0
KG 0 0 0
KH 0 0 0
KI 0 0 0
KJ 0 0 0
KK 0 0 0
KL 0 0 0
KM 0 0 0
KN 0 0 0
KO 0 0 0
KP 0 0 0
KQ 0 0 0
KR 0 0 0
KS 0 0 0
KT 0 0 0
KU 0 0 0
KV 0 0 0
KW 0 0 0
KX 0 0 0
KY 0 0 0
KZ 0 0 0
K[ 0 0 0
K\ 0 0 0
K] 0 0 0
K^ 0 0 0
K_ 0 0 0
K` 0 0 0
Ka 0 0 0
Kb 0 0 0
Kc 0 0 0
Kd 0 0 0
Ke 0 0 0
Kf 0 0 0
Kg 0 0 0
Kh 0 0 0
Ki 0 0 0
Kj 0 0 0
Kk 0 0 0
Kl 0 0 0
Km 0 0 0
Kn 0 0 0
Ko 0 0 0
Kp 0 0 0
Kq 0 0 0
Kr 0 0 0
Ks 0 0 0
Kt 0 0 0
Ku 0 0 0
Kv 0 0 0
Kw 0 0 0
Kx 0 0 0
Ky 0 0 0
Kz 0 0 0
K{ 0 0 0
K| 0 0 0
K} 0 0 0
K~ 0 0 0
L  0 0 0
L! 0 0 0
L" 0 0 0
L# 0 0 0
L$ 0 0 0
L% 0 0 0
L& 0 0 0
L' 0 0 0
L( 0 0 0
L) 0 0 0
L* 0 0 0
L+ 0 0 0
L, 0 0 0
L- 0 0 0
L. 0 0 0
L/ 0 0 0
L0 0 0 0
L1 0 0 0
L2 0 0 0
L3 0 0 0
L4 0 0 0
L5 0 0 0
L6 0 0 0
L7 0 0 0
L8 0 0 0
L9 0 0 0
L: 0 0 0
L; 0 0 0
L< 0 0 0
L= 0 0 0
L> 0 0 0
L? 0 0 0
L@ 0 0 0
LA 0 0 0
LB 0 0 0
LC 0 0 0
LD 0 0 0
LE 0 0 0
LF 0 0 0
LG 0 0 0
LH 0 0 0
LI 0 0 0
LJ 0 0 0
LK 0 0 0
LL 0 0 0
LM 0 0 0
LN 0 0 0
LO 0 0 0
LP 0 0 0
LQ 0 0 0
LR 0 0 0
LS 0 0 0
LT 0 0 0
LU 0 0 0
LV 0 0 0
LW 0 0 0
LX 0 0 0
LY 0 0 0
LZ 0 0 0
L[ 0 0 0
L\ 0 0 0
L] 0 0 0
L^ 0 0 0
L_ 0 0 0
L` 0 0 0
La 0 0 0
Lb 0 0 0
Lc 0 0 0
Ld 0 0 0
Le 0 0 0
Lf 0 0 0
Lg 0 0 0
Lh 0 0 0
Li 0 0 0
Lj 0 0 0
Lk 0 0 0
Ll 0 0 0
Lm 0 0 0
Ln 0 0 0
Lo 0 0 0
Lp 0 0 0
Lq 0 0 0
Lr 0 0 0
Ls 0 0 0
Lt 0 0 0
Lu 0 0 0
Lv 0 0 0
Lw 0 0 0
Lx 0 0 0
Ly 0 0 0
Lz 0 0 0
L{ 0 0 0
L| 0 0 0
L} 0 0 0
L~ 0 0 0
M  0 0 0
M! 0 0 0
M" 0 0 0
M# 0 0 0
M$ 0 0 0
M% 0 0 0
M& 0 0 0
M' 0 0 0
M( 0 0 0
M) 0 0 0
M* 0 0 0
M+ 0 0 0
M, 0 0 0
M- 0 0 0
M. 0 0 0
M/ 0 0 0
M0 0 0 0
M1 0 0 0
M2 0 0 0
M3 0 0 0
M4 0 0 0
M5 0 0 0
M6 0 0 0
M7 0 0 0
M8 0 0 0
M9 0 0 0
M: 0 0 0
M; 0 0 0
M< 0 0 0
M= 0 0 0
M> 0 0 0
M? 0 0 0
M@ 0 0 0
MA 0 0 0
MB 0 0 0
MC 0 0 0
MD 0 0 0
ME 0 0 0
MF 0 0 0
MG 0 0 0
MH 0 0 0
MI 0 0 0
MJ 0 0 0
MK 0 0 0
ML 0 0 0
MM 0 0 0
MN 0 0 0
MO 0 0 0
MP 0 0 0
MQ 0 0 0
MR 0 0 0
MS 0 0 0
MT 0 0 0
MU 0 0 0
MV 0 0 0
MW 0 0 0
MX 0 0 0
MY 0 0 0
MZ 0 0 0
M[ 0 0 0
M\ 0 0 0
M] 0 0 0
M^ 0 0 0
M_ 0 0 0
M` 0 0 0
Ma 0 0 0
Mb 0 0 0
Mc 0 0 0
Md 0 0 0
Me 0 0 0
Mf 0 0 0
Mg 0 0 0
Mh 0 0 0
Mi 0 0 0
Mj 0 0 0
Mk 0 0 0
Ml 0 0 0
Mm 0 0 0
Mn 0 0 0
Mo 0 0 0
Mp 0 0 0
Mq 0 0 0
Mr 0 0 0
Ms 0 0 0
Mt 0 0 0
Mu 0 0 0
Mv 0 0 0
Mw 0 0 0
Mx 0 0 0
My 0 0 0
Mz 0 0 0
M{ 0 0 0
M| 0 0 0
M} 0 0 0
M~ 0 0 0
N  0 0 0
N! 0 0 0
N" 0 0 0
N# 0 0 0
N$ 0 0 0
N% 0 0 0
N& 0 0 0
N' 0 0 0
N( 0 0 0
N) 0 0 0
N* 0 0 0
N+ 0 0 0
N, 0 0 0
N- 0 0 0
N. 0 0 0
N/ 0 0 0
N0 0 0 0
N1 0 0 0
N2 0 0 0
N3 0 0 0
N4 0 0 0
N5 0 0 0
N6 0 0 0
N7 0 0 0
N8 0 0 0
N9 0 0 0
N: 0 0 0
N; 0 0 0
N< 0 0 0
N= 0 0 0
N> 0 0 0
N? 0 0 0
N@ 0 0 0
NA 0 0 0
NB 0 0 0
NC 0 0 0
ND 0 0 0
NE 0 0 0
NF 0 0 0
NG 0 0 0
NH 0 0 0
NI 0 0 0
NJ 0 0 0
NK 0 0 0
NL 0 0 0
NM 0 0 0
NN 0 0 0
NO 0 0 0
NP 0 0 0
NQ 0 0 0
NR 0 0 0
NS 0 0 0
NT 0 0 0
NU 0 0 0
NV 0 0 0
NW 0 0 0
NX 0 0 0
NY 0 0 0
NZ 0 0 0
N[ 0 0 0
N\ 0 0 0
N] 0 0 0
N^ 0 0 0
N_ 0 0 0
N` 0 0 0
Na 0 0 0
Nb 0 0 0
Nc 0 0 0
Nd 0 0 0
Ne 0 0 0
Nf 0 0 0
Ng 0 0 0
Nh 0 0 0
Ni 0 0 0
Nj 0 0 0
Nk 0 0 0
Nl 0 0 0
Nm 0 0 0
Nn 0 0 0
No 0 0 0
Np 0 0 0
Nq 0 0 0
Nr 0 0 0
Ns 0 0 0
Nt 0 0 0
Nu 0 0 0
Nv 0 0 0
Nw 0 0 0
Nx 0 0 0
Ny 0 0 0
Nz 0 0 0
N{ 0 0 0
N| 0 0 0
N} 0 0 0
N~ 0 0 0
O  0 0 0
O! 0 0 0
O" 0 0 0
O# 0 0 0
O$ 0 0 0
O% 0 0 0
O& 0 0 0
O' 0 0 0
O( 0 0 0
O) 0 0 0
O* 0 0 0
O+ 0 0 0
O, 0 0 0
O- 0 0 0
O. 0 0 0
O/ 0 0 0
O0 0 0 0
O1 0 0 0
O2 0 0 0
O3 0 0 0
O4 0 0 0
O5 0 0 0
O6 0 0 0
O7 0 0 0
O8 0 0 0
O9 0 0 0
O: 0 0 0
O; 0 0 0
O< 0 0 0
O= 0 0 0
O> 0 0 0
O? 0 0 0
O@ 0 0 0
OA 0 0 0
OB 0 0 0
OC 0 0 0
OD 0 0 0
OE 0 0 0
OF 0 0 0
OG 0 0 0
OH 0 0 0
OI 0 0 0
OJ 0 0 0
OK 0 0 0
OL 0 0 0
OM 0 0 0
ON 0 0 0
OO 0 0 0
OP 0 0 0
OQ 0 0 0
OR 0 0 0
OS 0 0 0
OT 0 0 0
OU 0 0 0
OV 0 0 0
OW 0 0 0
OX 0 0 0
OY 0 0 0
OZ 0 0 0
O[ 0 0 0
O\ 0 0 0
O] 0 0 0
O^ 0 0 0
O_ 0 0 0
O` 0 0 0
Oa 0 0 0
Ob 0 0 0
Oc 0 0 0
Od 0 0 0
Oe 0 0 0
Of 0 0 0
Og 0 0 0
Oh 0 0 0
Oi 0 0 0
Oj 0 0 0
Ok 0 0 0
Ol 0 0 0
Om 0 0 0
On 0 0 0
Oo 0 0 0
Op 0 0 0
Oq 0 0 0
Or 0 0 0
Os 0 0 0
Ot 0 0 0
Ou 0 0 0
Ov 0 0 0
Ow 0 0 0
Ox 0 0 0
Oy 0 0 0
Oz 0 0 0
O{ 0 0 0
O| 0 0 0
O} 0 0 0
O~ 0 0 0
P  0 0 0
P! 0 0 0
P" 0 0 0
P# 0 0 0
P$ 0 0 0
P% 0 0 0
P& 0 0 0
P' 0 0 0
P( 0 0 0
P) 0 0 0
P* 0 0 0
P+ 0 0 0
P, 0 0 0
P- 0 0 0
P. 0 0 0
P/ 0 0 0
P0 0 0 0
P1 0 0 0
P2 0 0 0
P3 0 0 0
P4 0 0 0
P5 0 0 0
P6 0 0 0
P7 0 0 0
P8 0 0 0
P9 0 0 0
P: 0 0 0
P; 0 0 0
P< 0 0 0
P= 0 0 0
P> 0 0 0
P? 0 0 0
P@ 0 0 0
PA 0 0 0
PB 0 0 0
PC 0 0 0
PD 0 0 0
PE 0 0 0
PF 0 0 0
PG 0 0 0
PH 0 0 0
PI 0 0 0
PJ 0 0 0
PK 0 0 0
PL 0 0 0
PM 0 0 0
PN 0 0 0
PO 0 0 0
PP 0 0 0
PQ 0 0 0
PR 0 0 0
PS 0 0 0
PT 0 0 0
PU 0 0 0
PV 0 0 0
PW 0 0 0
PX 0 0 0
PY 0 0 0
PZ 0 0 0
P[ 0 0 0
P\ 0 0 0
P] 0 0 0
P^ 0 0 0
P_ 0 0 0
P` 0 0 0
Pa 0 0 0
Pb 0 0 0
Pc 0 0 0
Pd 0 0 0
Pe 0 0 0
Pf 0 0 0
Pg 0 0 0
Ph 0 0 0
Pi 0 0 0
Pj 0 0 0
Pk 0 0 0
Pl 0 0 0
Pm 0 0 0
Pn 0 0 0
Po 0 0 0
Pp 0 0 0
Pq 0 0 0
Pr 0 0 0
Ps 0 0 0
Pt 0 0 0
Pu 0 0 0
Pv 0 0 0
Pw 0 0 0
Px 0 0 0
Py 0 0 0
Pz 0 0 0
P{ 0 0 0
P| 0 0 0
P} 0 0 0
P~ 0 0 0
Q  0 0 0
Q! 0 0 0
Q" 0 0 0
Q# 0 0 0
Q$ 0 0 0
Q% 0 0 0
Q& 0 0 0
Q' 0 0 0
Q( 0 0 0
Q) 0 0 0
Q* 0 0 0
Q+ 0 0 0
Q, 0 0 0
Q- 0 0 0
Q. 0 0 0
Q/ 0 0 0
Q0 0 0 0
Q1 0 0 0
Q2 0 0 0
Q3 0 0 0
Q4 0 0 0
Q5 0 0 0
Q6 0 0 0
Q7 0 0 0
Q8 0 0 0
Q9 0 0 0
Q: 0 0 0
Q; 0 0 0
Q< 0 0 0
Q= 0 0 0
Q> 0 0 0
Q? 0 0 0
Q@ 0 0 0
QA 0 0 0
QB 0 0 0
QC 0 0 0
QD 0 0 0
QE 0 0 0
QF 0 0 0
QG 0 0 0
QH 0 0 0
QI 0 0 0
QJ 0 0 0
QK 0 0 0
QL 0 0 0
QM 0 0 0
QN 0 0 0
QO 0 0 0
QP 0 0 0
QQ 0 0 0
QR 0 0 0
QS 0 0 0
QT 0 0 0
QU 0 0 0
QV 0 0 0
QW 0 0 0
QX 0 0 0
QY 0 0 0
QZ 0 0 0
Q[ 0 0 0
Q\ 0 0 0
Q] 0 0 0
Q^ 0 0 0
Q_ 0 0 0
Q` 0 0 0
Qa 0 0 0
Qb 0 0 0
Qc 0 0 0
Qd 0 0 0
Qe 0 0 0
Qf 0 0 0
Qg 0 0 0
Qh 0 0 0
Qi 0 0 0
Qj 0 0 0
Qk 0 0 0
Ql 0 0 0
Qm 0 0 0
Qn 0 0 0
Qo 0 0 0
Qp 0 0 0
Qq 0 0 0
Qr 0 0 0
Qs 0 0 0
Qt 0 0 0
Qu 0 0 0
Qv 0 0 0
Qw 0 0 0
Qx 0 0 0
Qy 0 0 0
Qz 0 0 0
Q{ 0 0 0
Q| 0 0 0
Q} 0 0 0
Q~ 0 0 0
R  0 0 0
R! 0 0 0
R" 0 0 0
R# 0 0 0
R$ 0 0 0
R% 0 0 0
R& 0 0 0
R' 0 0 0
R( 0 0 0
R) 0 0 0
R* 0 0 0
R+ 0 0 0
R, 0 0 0
R- 0 0 0
R. 0 0 0
R/ 0 0 0
R0 0 0 0
R1 0 0 0
R2 0 0 0
R3 0 0 0
R4 0 0 0
R5 0 0 0
R6 0 0 0
R7 0 0 0
R8 0 0 0
R9 0 0 0
R: 0 0 0
R; 0 0 0
R< 0 0 0
R= 0 0 0
R> 0 0 0
R? 0 0 0
R@ 0 0 0
RA 0 0 0
RB 0 0 0
RC 0 0 0
RD 0 0 0
RE 0 0 0
RF 0 0 0
RG 0 0 0
RH 0 0 0
RI 0 0 0
RJ 0 0 0
RK 0 0 0
RL 0 0 0
RM 0 0 0
RN 0 0 0
RO 0 0 0
RP 0 0 0
RQ 0 0 0
RR 0 0 0
RS 0 0 0
RT 0 0 0
RU 0 0 0
RV 0 0 0
RW 0 0 0
RX 0 0 0
RY 0 0 0
RZ 0 0 0
R[ 0 0 0
R\ 0 0 0
R] 0 0 0
R^ 0 0 0
R_ 0 0 0
R` 0 0 0
Ra 0 0 0
Rb 0 0 0
Rc 0 0 0
Rd 0 0 0
Re 0 0 0
Rf 0 0 0
Rg 0 0 0
Rh 0 0 0
Ri 0 0 0
Rj 0 0 0
Rk 0 0 0
Rl 0 0 0
Rm 0 0 0
Rn 0 0 0
Ro 0 0 0
Rp 0 0 0
Rq 0 0 0
Rr 0 0 0
Rs 0 0 0
Rt 0 0 0
Ru 0 0 0
Rv 0 0 0
Rw 0 0 0
Rx 0 0 0
Ry 0 0 0
Rz 0 0 0
R{ 0 0 0
R| 0 0 0
R} 0 0 0
R~ 0 0 0
S  0 0 0
S! 0 0 0
S" 0 0 0
S# 0 0 0
S$ 0 0 0
S% 0 0 0
S& 0 0 0
S' 0 0 0
S( 0 0 0
S) 0 0 0
S* 0 0 0
S+ 0 0 0
S, 0 0 0
S- 0 0 0
S. 0 0 0
S/ 0 0 0
S0 0 0 0
S1 0 0 0
S2 0 0 0
S3 0 0 0
S4 0 0 0
S5 0 0 0
S6 0 0 0
S7 0 0 0
S8 0 0 0
S9 0 0 0
S: 0 0 0
S; 0 0 0
S< 0 0 0
S= 0 0 0
S> 0 0 0
S? 0 0 0
S@ 0 0 0
SA 0 0 0
SB 0 0 0
SC 0 0 0
SD 0 0 0
SE 0 0 0
SF 0 0 0
SG 0 0 0
SH 0 0 0
SI 0 0 0
SJ 0 0 0
SK 0 0 0
SL 0 0 0
SM 0 0 0
SN 0 0 0
SO 0 0 0
SP 0 0 0
SQ 0 0 0
SR 0 0 0
SS 0 0 0
ST 0 0 0
SU 0 0 0
SV 0 0 0
SW 0 0 0
SX 0 0 0
SY 0 0 0
SZ 0 0 0
S[ 0 0 0
S\ 0 0 0
S] 0 0 0
S^ 0 0 0
S_ 0 0 0
S` 0 0 0
Sa 0 0 0
Sb 0 0 0
Sc 0 0 0
Sd 0 0 0
Se 0 0 0
Sf 0 0 0
Sg 0 0 0
Sh 0 0 0
Si 0 0 0
Sj 0 0 0
Sk 0 0 0
Sl 0 0 0
Sm 0 0 0
Sn 0 0 0
So 0 0 0
Sp 0 0 0
Sq 0 0 0
Sr 0 0 0
Ss 0 0 0
St 0 0 0
Su 0 0 0
Sv 0 0 0
Sw 0 0 0
Sx 0 0 0
Sy 0 0 0
Sz 0 0 0
S{ 0 0 0
S| 0 0 0
S} 0 0 0
S~ 0 0 0
T  0 0 0
T! 0 0 0
T" 0 0 0
T# 0 0 0
T$ 0 0 0
T% 0 0 0
T& 0 0 0
T' 0 0 0
T( 0 0 0
T) 0 0 0
T* 0 0 0
T+ 0 0 0
T, 0 0 0
T- 0 0 0
T. 0 0 0
T/ 0 0 0
T0 0 0 0
T1 0 0 0
T2 0 0 0
T3 0 0 0
T4 0 0 0
T5 0 0 0
T6 0 0 0
T7 0 0 0
T8 0 0 0
T9 0 0 0
T: 0 0 0
T; 0 0 0
T< 0 0 0
T= 0 0 0
T> 0 0 0
T? 0 0 0
T@ 0 0 0
TA 0 0 0
TB 0 0 0
TC 0 0 0
TD 0 0 0
TE 0 0 0
TF 0 0 0
TG 0 0 0
TH 0 0 0
TI 0 0 0
TJ 0 0 0
TK 0 0 0
TL 0 0 0
TM 0 0 0
TN 0 0 0
TO 0 0 0
TP 0 0 0
TQ 0 0 0
TR 0 0 0
TS 0 0 0
TT 0 0 0
TU 0 0 0
TV 0 0 0
TW 0 0 0
TX 0 0 0
TY 0 0 0
TZ 0 0 0
T[ 0 0 0
T\ 0 0 0
T] 0 0 0
T^ 0 0 0
T_ 0 0 0
T` 0 0 0
Ta 0 0 0
Tb 0 0 0
Tc 0 0 0
Td 0 0 0
Te 0 0 0
Tf 0 0 0
Tg 0 0 0
Th 0 0 0
Ti 0 0 0
Tj 0 0 0
Tk 0 0 0
Tl 0 0 0
Tm 0 0 0
Tn 0 0 0
To 0 0 0
Tp 0 0 0
Tq 0 0 0
Tr 0 0 0
Ts 0 0 0
Tt 0 0 0
Tu 0 0 0
Tv 0 0 0
Tw 0 0 0
Tx 0 0 0
Ty 0 0 0
Tz 0 0 0
T{ 0 0 0
T| 0 0 0
T} 0 0 0
T~ 0 0 0
U  0 0 0
U! 0 0 0
U" 0 0 0
U# 0 0 0
U$ 0 0 0
U% 0 0 0
U& 0 0 0
U' 0 0 0
U( 0 0 0
U) 0 0 0
U* 0 0 0
U+ 0 0 0
U, 0 0 0
U- 0 0 0
U. 0 0 0
U/ 0 0 0
U0 0 0 0
U1 0 0 0
U2 0 0 0
U3 0 0 0
U4 0 0 0
U5 0 0 0
U6 0 0 0
U7 0 0 0
U8 0 0 0
U9 0 0 0
U: 0 0 0
U; 0 0 0
U< 0 0 0
U= 0 0 0
U> 0 0 0
U? 0 0 0
U@ 0 0 0
UA 0 0 0
UB 0 0 0
UC 0 0 0
UD 0 0 0
UE 0 0 0
UF 0 0 0
UG 0 0 0
UH 0 0 0
UI 0 0 0
UJ 0 0 0
UK 0 0 0
UL 0 0 0
UM 0 0 0
UN 0 0 0
UO 0 0 0
UP 0 0 0
UQ 0 0 0
UR 0 0 0
US 0 0 0
UT 0 0 0
UU 0 0 0
UV 0 0 0
UW 0 0 0
UX 0 0 0
UY 0 0 0
UZ 0 0 0
U[ 0 0 0
U\ 0 0 0
U] 0 0 0
U^ 0 0 0
U_ 0 0 0
U` 0 0 0
Ua 0 0 0
Ub 0 0 0
Uc 0 0 0
Ud 0 0 0
Ue 0 0 0
Uf 0 0 0
Ug 0 0 0
Uh 0 0 0
Ui 0 0 0
Uj 0 0 0
Uk 0 0 0
Ul 0 0 0
Um 0 0 0
Un 0 0 0
Uo 0 0 0
Up 0 0 0
Uq 0 0 0
Ur 0 0 0
Us 0 0 0
Ut 0 0 0
Uu 0 0 0
Uv 0 0 0
Uw 0 0 0
Ux 0 0 0
Uy 0 0 0
Uz 0 0 0
U{ 0 0 0
U| 0 0 0
U} 0 0 0
U~ 0 0 0
V  0 0 0
V! 0 0 0
V" 0 0 0
V# 0 0 0
V$ 0 0 0
V% 0 0 0
V& 0 0 0
V' 0 0 0
V( 0 0 0
V) 0 0 0
V* 0 0 0
V+ 0 0 0
V, 0 0 0
V- 0 0 0
V. 0 0 0
V/ 0 0 0
V0 0 0 0
V1 0 0 0
V2 0 0 0
V3 0 0 0
V4 0 0 0
V5 0 0 0
V6 0 0 0
V7 0 0 0
V8 0 0 0
V9 0 0 0
V: 0 0 0
V; 0 0 0
V< 0 0 0
V= 0 0 0
V> 0 0 0
V? 0 0 0
V@ 0 0 0
VA 0 0 0
VB 0 0 0
VC 0 0 0
VD 0 0 0
VE 0 0 0
VF 0 0 0
VG 0 0 0
VH 0 0 0
VI 0 0 0
VJ 0 0 0
VK 0 0 0
VL 0 0 0
VM 0 0 0
VN 0 0 0
VO 0 0 0
VP 0 0 0
VQ 0 0 0
VR 0 0 0
VS 0 0 0
VT 0 0 0
VU 0 0 0
VV 0 0 0
VW 0 0 0
VX 0 0 0
VY 0 0 0
VZ 0 0 0
V[ 0 0 0
V\ 0 0 0
V] 0 0 0
V^ 0 0 0
V_ 0 0 0
V` 0 0 0
Va 0 0 0
Vb 0 0 0
Vc 0 0 0
Vd 0 0 0
Ve 0 0 0
Vf 0 0 0
Vg 0 0 0
Vh 0 0 0
Vi 0 0 0
Vj 0 0 0
Vk 0 0 0
Vl 0 0 0
Vm 0 0 0
Vn 0 0 0
Vo 0 0 0
Vp 0 0 0
Vq 0 0 0
Vr 0 0 0
Vs 0 0 0
Vt 0 0 0
Vu 0 0 0
Vv 0 0 0
Vw 0 0 0
Vx 0 0 0
Vy 0 0 0
Vz 0 0 0
V{ 0 0 0
V| 0 0 0
V} 0 0 0
V~ 0 0 0
W  0 0 0
W! 0 0 0
W" 0 0 0
W# 0 0 0
W$ 0 0 0
W% 0 0 0
W& 0 0 0
W' 0 0 0
W( 0 0 0
W) 0 0 0
W* 0 0 0
W+ 0 0 0
W, 0 0 0
W- 0 0 0
W. 0 0 0
W/ 0 0 0
W0 0 0 0
W1 0 0 0
W2 0 0 0
W3 0 0 0
W4 0 0 0
W5 0 0 0
W6 0 0 0
W7 0 0 0
W8 0 0 0
W9 0 0 0
W: 0 0 0
W; 0 0 0
W< 0 0 0
W= 0 0 0
W> 0 0 0
W? 0 0 0
W@ 0 0 0
WA 0 0 0
WB 0 0 0
WC 0 0 0
WD 0 0 0
WE 0 0 0
WF 0 0 0
WG 0 0 0
WH 0 0 0
WI 0 0 0
WJ 0 0 0
WK 0 0 0
WL 0 0 0
WM 0 0 0
WN 0 0 0
WO 0 0 0
WP 0 0 0
WQ 0 0 0
WR 0 0 0
WS 0 0 0
WT 0 0 0
WU 0 0 0
WV 0 0 0
WW 0 0 0
WX 0 0 0
WY 0 0 0
WZ 0 0 0
W[ 0 0 0
W\ 0 0 0
W] 0 0 0
W^ 0 0 0
W_ 0 0 0
W` 0 0 0
Wa 0 0 0
Wb 0 0 0
Wc 0 0 0
Wd 0 0 0
We 0 0 0
Wf 0 0 0
Wg 0 0 0
Wh 0 0 0
Wi 0 0 0
Wj 0 0 0
Wk 0 0 0
Wl 0 0 0
Wm 0 0 0
Wn 0 0 0
Wo 0 0 0
Wp 0 0 0
Wq 0 0 0
Wr 0 0 0
Ws 0 0 0
Wt 0 0 0
Wu 0 0 0
Wv 0 0 0
Ww 0 0 0
Wx 0 0 0
Wy 0 0 0
Wz 0 0 0
W{ 0 0 0
W| 0 0 0
W} 0 0 0
W~ 0 0 0
X  0 0 0
X! 0 0 0
X" 0 0 0
X# 0 0 0
X$ 0 0 0
X% 0 0 0
X& 0 0 0
X' 0 0 0
X( 0 0 0
X) 0 0 0
X* 0 0 0
X+ 0 0 0
X, 0 0 0
X- 0 0 0
X. 0 0 0
X/ 0 0 0
X0 0 0 0
X1 0 0 0
X2 0 0 0
X3 0 0 0
X4 0 0 0
X5 0 0 0
X6 0 0 0
X7 0 0 0
X8 0 0 0
X9 0 0 0
X: 0 0 0
X; 0 0 0
X< 0 0 0
X= 0 0 0
X> 0 0 0
X? 0 0 0
X@ 0 0 0
XA 0 0 0
XB 0 0 0
XC 0 0 0
XD 0 0 0
XE 0 0 0
XF 0 0 0
XG 0 0 0
XH 0 0 0
XI 0 0 0
XJ 0 0 0
XK 0 0 0
XL 0 0 0
XM 0 0 0
XN 0 0 0
XO 0 0 0
XP 0 0 0
XQ 0 0 0
XR 0 0 0
XS 0 0 0
XT 0 0 0
XU 0 0 0
XV 0 0 0
XW 0 0 0
XX 0 0 0
XY 0 0 0
XZ 0 0 0
X[ 0 0 0
X\ 0 0 0
X] 0 0 0
X^ 0 0 0
X_ 0 0 0
X` 0 0 0
Xa 0 0 0
Xb 0 0 0
Xc 0 0 0
Xd 0 0 0
Xe 0 0 0
Xf 0 0 0
Xg 0 0 0
Xh 0 0 0
Xi 0 0 0
Xj 0 0 0
Xk 0 0 0
Xl 0 0 0
Xm 0 0 0
Xn 0 0 0
Xo 0 0 0
Xp 0 0 0
Xq 0 0 0
Xr 0 0 0
Xs 0 0 0
Xt 0 0 0
Xu 0 0 0
Xv 0 0 0
Xw 0 0 0
Xx 0 0 0
Xy 0 0 0
Xz 0 0 0
X{ 0 0 0
X| 0 0 0
X} 0 0 0
X~ 0 0 0
Y  0 0 0
Y! 0 0 0
Y" 0 0 0
Y# 0 0 0
Y$ 0 0 0
Y% 0 0 0
Y& 0 0 0
Y' 0 0 0
Y( 0 0 0
Y) 0 0 0
Y* 0 0 0
Y+ 0 0 0
Y, 0 0 0
Y- 0 0 0
Y. 0 0 0
Y/ 0 0 0
Y0 0 0 0
Y1 0 0 0
Y2 0 0 0
Y3 0 0 0
Y4 0 0 0
Y5 0 0 0
Y6 0 0 0
Y7 0 0 0
Y8 0 0 0
Y9 0 0 0
Y: 0 0 0
Y; 0 0 0
Y< 0 0 0
Y= 0 0 0
Y> 0 0 0
Y? 0 0 0
Y@ 0 0 0
YA 0 0 0
YB 0 0 0
YC 0 0 0
YD 0 0 0
YE 0 0 0
YF 0 0 0
YG 0 0 0
YH 0 0 0
YI 0 0 0
YJ 0 0 0
YK 0 0 0
YL 0 0 0
YM 0 0 0
YN 0 0 0
YO 0 0 0
YP 0 0 0
YQ 0 0 0
YR 0 0 0
YS 0 0 0
YT 0 0 0
YU 0 0 0
YV 0 0 0
YW 0 0 0
YX 0 0 0
YY 0 0 0
YZ 0 0 0
Y[ 0 0 0
Y\ 0 0 0
Y] 0 0 0
Y^ 0 0 0
Y_ 0 0 0
Y` 0 0 0
Ya 0 0 0
Yb 0 0 0
Yc 0 0 0
Yd 0 0 0
Ye 0 0 0
Yf 0 0 0
Yg 0 0 0
Yh 0 0 0
Yi 0 0 0
Yj 0 0 0
Yk 0 0 0
Yl 0 0 0
Ym 0 0 0
Yn 0 0 0
Yo 0 0 0
Yp 0 0 0
Yq 0 0 0
Yr 0 0 0
Ys 0 0 0
Yt 0 0 0
Yu 0 0 0
Yv 0 0 0
Yw 0 0 0
Yx 0 0 0
Yy 0 0 0
Yz 0 0 0
Y{ 0 0 0
Y| 0 0 0
Y} 0 0 0
Y~ 0 0 0
Z  0 0 0
Z! 0 0 0
Z" 0 0 0
Z# 0 0 0
Z$ 0 0 0
Z% 0 0 0
Z& 0 0 0
Z' 0 0 0
Z( 0 0 0
Z) 0 0 0
Z* 0 0 0
Z+ 0 0 0
Z, 0 0 0
Z- 0 0 0
Z. 0 0 0
Z/ 0 0 0
Z0 0 0 0
Z1 0 0 0
Z2 0 0 0
Z3 0 0 0
Z4 0 0 0
Z5 0 0 0
Z6 0 0 0
Z7 0 0 0
Z8 0 0 0
Z9 0 0 0
Z: 0 0 0
Z; 0 0 0
Z< 0 0 0
Z= 0 0 0
Z> 0 0 0
Z? 0 0 0
Z@ 0 0 0
ZA 0 0 0
ZB 0 0 0
ZC 0 0 0
ZD 0 0 0
ZE 0 0 0
ZF 0 0 0
ZG 0 0 0
ZH 0 0 0
ZI 0 0 0
ZJ 0 0 0
ZK 0 0 0
ZL 0 0 0
ZM 0 0 0
ZN 0 0 0
ZO 0 0 0
ZP 0 0 0
ZQ 0 0 0
ZR 0 0 0
ZS 0 0 0
ZT 0 0 0
ZU 0 0 0
ZV 0 0 0
ZW 0 0 0
ZX 0 0 0
ZY 0 0 0
ZZ 0 0 0
Z[ 0 0 0
Z\ 0 0 0
Z] 0 0 0
Z^ 0 0 0
Z_ 0 0 0
Z` 0 0 0
Za 0 0 0
Zb 0 0 0
Zc 0 0 0
Zd 0 0 0
Ze 0 0 0
Zf 0 0 0
Zg 0 0 0
Zh 0 0 0
Zi 0 0 0
Zj 0 0 0
Zk 0 0 0
Zl 0 0 0
Zm 0 0 0
Zn 0 0 0
Zo 0 0 0
Zp 0 0 0
Zq 0 0 0
Zr 0 0 0
Zs 0 0 0
Zt 0 0 0
Zu 0 0 0
Zv 0 0 0
Zw 0 0 0
Zx 0 0 0
Zy 0 0 0
Zz 0 0 0
Z{ 0 0 0
Z| 0 0 0
Z} 0 0 0
Z~ 0 0 0
[  0 0 0
[! 4 0 -1
[" 4 0 -1
[# 4 0 -1
[$ 4 0 -1
[% 4 3 -2
[& 4 3 -2
[' 4 0 -1
[( 4 0 -1
[) -30 3 -1
[* 4 3 -2
[+ 4 0 -1
[, 4 3 -2
[- 4 0 -1
[. 4 0 -1
[/ -30 3 -1
[0 0 0 0
[1 0 0 0
[2 0 0 0
[3 0 0 0
[4 0 0 0
[5 0 0 0
[6 0 0 0
[7 0 0 0
[8 0 0 0
[9 0 0 0
[: 4 0 -1
[; 4 0 -1
[< 4 0 -1
[= 4 0 -1
[> -30 3 -1
[? 4 0 -1
[@ 4 3 -2
[A 0 0 0
[B 0 0 0
[C 0 0 0
[D 0 0 0
[E 0 0 0
[F 0 0 0
[G 0 0 0
[H 0 0 0
[I 0 0 0
[J 0 0 0
[K 0 0 0
[L 0 0 0
[M 0 0 0
[N 0 0 0
[O 0 0 0
[P 0 0 0
[Q 0 0 0
[R 0 0 0
[S 0 0 0
[T 0 0 0
[U 0 0 0
[V 0 0 0
[W 0 0 0
[X 0 0 0
[Y 0 0 0
[Z 0 0 0
[[ 4 0 -1
[\ -30 3 -1
[] 4 0 -1
[^ 4 0 -1
[_ 4 0 -1
[` 4 0 -1
[a 4 0 -1
[b -30 3 -1
[c 4 0 -1
[d 4 0 -1
[e 4 0 -1
[f 4 0 -1
[g -30 3 -1
[h -30 3 -1
[i 4 0 -1
[j 4 0 -1
[k -30 3 -1
[l -30 3 -1
[m 4 0 -1
[n 4 0 -1
[o 4 0 -1
[p 4 0 -1
[q 4 0 -1
[r 4 0 -1
[s 4 0 -1
[t 4 0 -1
[u 4 0 -1
[v 4 0 -1
[w 4 0 -1
[x 4 0 -1
[y 4 0 -1
[z 4 0 -1
[{ 4 0 -1
[| 4 0 -1
[} -30 3 -1
[~ 4 0 -1
\  0 0 0
\! 4 0 -1
\" 8 0 -2
\# -30 3 -1
\$ -30 3 -1
\% -30 4 3
\& -30 3 -1
\' 8 0 -2
\( 4 0 -1
\) -30 3 -1
\* 4 0 -1
\+ 4 0 -1
\, -30 3 -1
\- -30 3 -1
\. -30 3 -1
\/ -30 3 -1
\0 0 0 0
\1 0 0 0
\2 0 0 0
\3 0 0 0
\4 0 0 0
\5 0 0 0
\6 0 0 0
\7 0 0 0
\8 0 0 0
\9 0 0 0
\: -30 3 -1
\; -30 3 -1
\< 4 0 -1
\= -30 3 -1
\> -30 3 -1
\? 4 0 -1
\@ -30 3 -1
\A 0 0 0
\B 0 0 0
\C 0 0 0
\D 0 0 0
\E 0 0 0
\F 0 0 0
\G 0 0 0
\H 0 0 0
\I 0 0 0
\J 0 0 0
\K 0 0 0
\L 0 0 0
\M 0 0 0
\N 0 0 0
\O 0 0 0
\P 0 0 0
\Q 0 0 0
\R 0 0 0
\S 0 0 0
\T 0 0 0
\U 0 0 0
\V 0 0 0
\W 0 0 0
\X 0 0 0
\Y 0 0 0
\Z 0 0 0
\[ 4 3 -2
\\ 12 0 -3
\] 4 3 -2
\^ 4 0 -1
\_ -30 3 -1
\` 4 0 -1
\a -30 3 -1
\b -30 3 -1
\c -30 3 -1
\d -30 3 -1
\e -30 3 -1
\f 4 3 -2
\g -30 3 -1
\h -30 3 -1
\i 4 0 -1
\j -30 3 -1
\k -30 3 -1
\l 4 0 -1
\m -30 3 -1
\n 4 0 -1
\o 4 3 -2
\p -30 3 -1
\q 4 3 -2
\r -30 3 -1
\s -30 3 -1
\t 4 0 -1
\u -30 3 -1
\v 4 0 -1
\w -30 3 -1
\x -30 3 -1
\y -30 3 -1
\z -30 3 -1
\{ 4 3 -2
\| 4 0 -1
\} -30 3 -1
\~ 4 0 -1
]  0 0 0
]! 4 0 -1
]" 4 0 -1
]# 4 3 -2
]$ 4 3 -2
]% 4 3 -2
]& 4 3 -2
]' 4 0 -1
]( 4 3 -2
]) -30 3 -1
]* 4 3 -2
]+ -30 3 -1
], 4 0 -1
]- -30 3 -1
]. 4 0 -1
]/ 4 3 -2
]0 0 0 0
]1 0 0 0
]2 0 0 0
]3 0 0 0
]4 0 0 0
]5 0 0 0
]6 0 0 0
]7 0 0 0
]8 0 0 0
]9 0 0 0
]: 4 0 -1
]; 4 0 -1
]< -30 3 -1
]= -30 3 -1
]> -30 3 -1
]? 4 3 -2
]@ -30 3 -1
]A 0 0 0
]B 0 0 0
]C 0 0 0
]D 0 0 0
]E 0 0 0
]F 0 0 0
]G 0 0 0
]H 0 0 0
]I 0 0 0
]J 0 0 0
]K 0 0 0
]L 0 0 0
]M 0 0 0
]N 0 0 0
]O 0 0 0
]P 0 0 0
]Q 0 0 0
]R 0 0 0
]S 0 0 0
]T 0 0 0
]U 0 0 0
]V 0 0 0
]W 0 0 0
]X 0 0 0
]Y 0 0 0
]Z 0 0 0
][ 4 0 -1
]\ 4 3 -2
]] 4 0 -1
]^ 4 3 -2
]_ 4 3 -2
]` 4 0 -1
]a 4 3 -2
]b -30 3 -1
]c 4 3 -2
]d 4 3 -2
]e 4 3 -2
]f -30 3 -1
]g 4 3 -2
]h -30 3 -1
]i 4 0 -1
]j 4 3 -2
]k -30 3 -1
]l -30 3 -1
]m 4 3 -2
]n 4 3 -2
]o 4 3 -2
]p 4 3 -2
]q 4 3 -2
]r 4 3 -2
]s 4 3 -2
]t 4 3 -2
]u 4 3 -2
]v 4 3 -2
]w 4 3 -2
]x 4 3 -2
]y 4 3 -2
]z 4 3 -2
]{ -30 3 -1
]| 4 0 -1
]} -30 3 -1
]~ 4 0 -1
^  0 0 0
^! 4 0 -1
^" -30 3 -1
^# -30 3 -1
^$ -30 3 -1
^% -30 3 -1
^& -30 3 -1
^' 4 0 -1
^( 4 3 -2
^) 4 0 -1
^* -30 4 3
^+ -30 3 -1
^, 4 0 -1
^- -30 3 -1
^. 4 0 -1
^/ 4 0 -1
^0 0 0 0
^1 0 0 0
^2 0 0 0
^3 0 0 0
^4 0 0 0
^5 0 0 0
^6 0 0 0
^7 0 0 0
^8 0 0 0
^9 0 0 0
^: 4 3 -2
^; 4 3 -2
^< -30 3 -1
^= -30 3 -1
^> -30 3 -1
^? -30 3 -1
^@ -30 3 -1
^A 0 0 0
^B 0 0 0
^C 0 0 0
^D 0 0 0
^E 0 0 0
^F 0 0 0
^G 0 0 0
^H 0 0 0
^I 0 0 0
^J 0 0 0
^K 0 0 0
^L 0 0 0
^M 0 0 0
^N 0 0 0
^O 0 0 0
^P 0 0 0
^Q 0 0 0
^R 0 0 0
^S 0 0 0
^T 0 0 0
^U 0 0 0
^V 0 0 0
^W 0 0 0
^X 0 0 0
^Y 0 0 0
^Z 0 0 0
^[ 4 3 -2
^\ -30 3 -1
^] 4 0 -1
^^ 4 3 -2
^_ 4 0 -1
^` 4 0 -1
^a 4 3 -2
^b -30 3 -1
^c 4 3 -2
^d 4 3 -2
^e 4 3 -2
^f 4 3 -2
^g 4 3 -2
^h -30 3 -1
^i 4 0 -1
^j 4 0 -1
^k -30 3 -1
^l 4 3 -2
^m -30 3 -1
^n -30 3 -1
^o 4 3 -2
^p -30 3 -1
^q 4 3 -2
^r -30 3 -1
^s 4 3 -2
^t -30 3 -1
^u -30 3 -1
^v -30 3 -1
^w -30 3 -1
^x -30 3 -1
^y -30 3 -1
^z -30 3 -1
^{ -30 3 -1
^| 4 0 -1
^} 4 3 -2
^~ -30 4 3
_  0 0 0
_! 4 0 -1
_" 4 0 -1
_# 4 0 -1
_$ 4 0 -1
_% -30 3 -1
_& -30 3 -1
_' 4 0 -1
_( 4 0 -1
_) -30 3 -1
_* 4 0 -1
_+ 4 0 -1
_, -30 3 -1
_- 4 0 -1
_. -30 3 -1
_/ -30 3 -1
_0 0 0 0
_1 0 0 0
_2 0 0 0
_3 0 0 0
_4 0 0 0
_5 0 0 0
_6 0 0 0
_7 0 0 0
_8 0 0 0
_9 0 0 0
_: 4 0 -1
_; 4 0 -1
_< 4 0 -1
_= 4 0 -1
_> -30 3 -1
_? 4 0 -1
_@ 4 3 -2
_A 0 0 0
_B 0 0 0
_C 0 0 0
_D 0 0 0
_E 0 0 0
_F 0 0 0
_G 0 0 0
_H 0 0 0
_I 0 0 0
_J 0 0 0
_K 0 0 0
_L 0 0 0
_M 0 0 0
_N 0 0 0
_O 0 0 0
_P 0 0 0
_Q 0 0 0
_R 0 0 0
_S 0 0 0
_T 0 0 0
_U 0 0 0
_V 0 0 0
_W 0 0 0
_X 0 0 0
_Y 0 0 0
_Z 0 0 0
_[ 4 0 -1
_\ 4 0 -1
_] 4 3 -2
_^ 4 0 -1
__ 4 3 -2
_` 4 0 -1
_a 4 3 -2
_b 4 3 -2
_c 4 3 -2
_d 4 3 -2
_e 4 3 -2
_f 4 0 -1
_g -30 3 -1
_h 4 3 -2
_i 4 0 -1
_j -30 3 -1
_k 4 3 -2
_l 4 0 -1
_m 4 3 -2
_n 4 3 -2
_o 4 0 -1
_p -30 3 -1
_q 4 0 -1
_r -30 3 -1
_s 4 3 -2
_t 4 0 -1
_u 4 0 -1
_v 4 0 -1
_w 4 0 -1
_x -30 3 -1
_y -30 3 -1
_z 4 3 -2
_{ 4 0 -1
_| 4 0 -1
_} -30 3 -1
_~ 4 0 -1
`  0 0 0
`! 4 0 -1
`" -30 3 -1
`# 4 3 -2
`$ 4 3 -2
`% -30 3 -1
`& 4 3 -2
`' 4 3 -2
`( 4 0 -1
`) 4 3 -2
`* -30 3 -1
`+ 4 0 -1
`, 4 0 -1
`- 4 0 -1
`. 4 0 -1
`/ 4 0 -1
`0 0 0 0
`1 0 0 0
`2 0 0 0
`3 0 0 0
`4 0 0 0
`5 0 0 0
`6 0 0 0
`7 0 0 0
`8 0 0 0
`9 0 0 0
`: 4 0 -1
`; 4 0 -1
`< 4 0 -1
`= 4 0 -1
`> -30 3 -1
`? 4 3 -2
`@ 4 3 -2
`A 0 0 0
`B 0 0 0
`C 0 0 0
`D 0 0 0
`E 0 0 0
`F 0 0 0
`G 0 0 0
`H 0 0 0
`I 0 0 0
`J 0 0 0
`K 0 0 0
`L 0 0 0
`M 0 0 0
`N 0 0 0
`O 0 0 0
`P 0 0 0
`Q 0 0 0
`R 0 0 0
`S 0 0 0
`T 0 0 0
`U 0 0 0
`V 0 0 0
`W 0 0 0
`X 0 0 0
`Y 0 0 0
`Z 0 0 0
`[ 4 3 -2
`\ -30 3 -1
`] 4 3 -2
`^ 4 3 -2
`_ 4 0 -1
`` 4 0 -1
`a 4 0 -1
`b 4 3 -2
`c 4 0 -1
`d 4 0 -1
`e 4 0 -1
`f 4 0 -1
`g 4 0 -1
`h 4 3 -2
`i 4 0 -1
`j 4 0 -1
`k 4 3 -2
`l 4 0 -1
`m 4 0 -1
`n 4 0 -1
`o 4 0 -1
`p 4 0 -1
`q 4 0 -1
`r 4 0 -1
`s 4 0 -1
`t 4 0 -1
`u 4 0 -1
`v 4 0 -1
`w 4 0 -1
`x 4 0 -1
`y 4 0 -1
`z 4 0 -1
`{ 4 0 -1
`| 4 0 -1
`} -30 3 -1
`~ 4 3 -2
a  0 0 0
a! 4 0 -1
a" 4 0 -1
a# -30 4 3
a$ -30 3 -1
a% -30 3 -1
a& -30 4 3
a' 4 0 -1
a( 4 3 -2
a) -30 3 -1
a* -30 3 -1
a+ -30 4 3
a, 4 0 -1
a- -30 4 3
a. 4 0 -1
a/ -30 4 3
a0 0 0 0
a1 0 0 0
a2 0 0 0
a3 0 0 0
a4 0 0 0
a5 0 0 0
a6 0 0 0
a7 0 0 0
a8 0 0 0
a9 0 0 0
a: 4 3 -2
a; 4 3 -2
a< -30 4 3
a= -30 4 3
a> -30 4 3
a? 4 3 -2
a@ -30 3 -1
aA 0 0 0
aB 0 0 0
aC 0 0 0
aD 0 0 0
aE 0 0 0
aF 0 0 0
aG 0 0 0
aH 0 0 0
aI 0 0 0
aJ 0 0 0
aK 0 0 0
aL 0 0 0
aM 0 0 0
aN 0 0 0
aO 0 0 0
aP 0 0 0
aQ 0 0 0
aR 0 0 0
aS 0 0 0
aT 0 0 0
aU 0 0 0
aV 0 0 0
aW 0 0 0
aX 0 0 0
aY 0 0 0
aZ 0 0 0
a[ 4 3 -2
a\ 4 3 -2
a] 4 3 -2
a^ 4 3 -2
a_ -30 3 -1
a` 4 0 -1
aa -30 3 -1
ab -30 4 3
ac -30 4 3
ad -30 3 -1
ae -30 3 -1
af -30 3 -1
ag -30 1 4
ah -30 4 3
ai 4 0 -1
aj 4 3 -2
ak -30 1 4
al 4 0 -1
am -30 1 4
an -30 4 3
ao -30 4 3
ap -30 4 3
aq -30 3 -1
ar -30 4 3
as -30 3 -1
at 4 3 -2
au -30 3 -1
av -30 3 -1
aw -30 1 4
ax -30 3 -1
ay -30 3 -1
az -30 4 3
a{ -30 4 3
a| 4 3 -2
a} -30 4 3
a~ 4 3 -2
b  0 0 0
b! 4 0 -1
b" 4 0 -1
b# -30 4 3
b$ -30 3 -1
b% -30 3 -1
b& -30 4 3
b' 4 0 -1
b( 4 3 -2
b) 4 3 -2
b* -30 3 -1
b+ -30 4 3
b, 4 0 -1
b- -30 4 3
b. 4 0 -1
b/ -30 3 -1
b0 0 0 0
b1 0 0 0
b2 0 0 0
b3 0 0 0
b4 0 0 0
b5 0 0 0
b6 0 0 0
b7 0 0 0
b8 0 0 0
b9 0 0 0
b: 4 3 -2
b; 4 3 -2
b< -30 4 3
b= -30 4 3
b> -30 3 -1
b? 4 3 -2
b@ -30 4 3
bA 0 0 0
bB 0 0 0
bC 0 0 0
bD 0 0 0
bE 0 0 0
bF 0 0 0
bG 0 0 0
bH 0 0 0
bI 0 0 0
bJ 0 0 0
bK 0 0 0
bL 0 0 0
bM 0 0 0
bN 0 0 0
bO 0 0 0
bP 0 0 0
bQ 0 0 0
bR 0 0 0
bS 0 0 0
bT 0 0 0
bU 0 0 0
bV 0 0 0
bW 0 0 0
bX 0 0 0
bY 0 0 0
bZ 0 0 0
b[ 4 3 -2
b\ 4 3 -2
b] 4 0 -1
b^ 4 3 -2
b_ 4 3 -2
b` 4 0 -1
ba -30 3 -1
bb -30 4 3
bc -30 4 3
bd -30 3 -1
be -30 4 3
bf 4 3 -2
bg -30 3 -1
bh -30 4 3
bi 4 0 -1
bj 4 3 -2
bk -30 4 3
bl 4 0 -1
bm -30 3 -1
bn -30 3 -1
bo -30 3 -1
bp -30 3 -1
bq -30 4 3
br -30 1 4
bs -30 3 -1
bt 4 3 -2
bu -30 3 -1
bv -30 3 -1
bw -30 1 4
bx -30 3 -1
by -30 3 -1
bz -30 3 -1
b{ -30 4 3
b| 4 0 -1
b} -30 3 -1
b~ 4 3 -2
c  0 0 0
c! 4 0 -1
c" 4 0 -1
c# -30 4 3
c$ -30 3 -1
c% -30 3 -1
c& -30 4 3
c' 4 0 -1
c( -30 3 -1
c) 4 3 -2
c* -30 4 3
c+ -30 4 3
c, 4 0 -1
c- -30 4 3
c. 4 0 -1
c/ -30 4 3
c0 0 0 0
c1 0 0 0
c2 0 0 0
c3 0 0 0
c4 0 0 0
c5 0 0 0
c6 0 0 0
c7 0 0 0
c8 0 0 0
c9 0 0 0
c: -30 3 -1
c; 4 3 -2
c< -30 4 3
c= -30 4 3
c> -30 3 -1
c? -30 3 -1
c@ -30 4 3
cA 0 0 0
cB 0 0 0
cC 0 0 0
cD 0 0 0
cE 0 0 0
cF 0 0 0
cG 0 0 0
cH 0 0 0
cI 0 0 0
cJ 0 0 0
cK 0 0 0
cL 0 0 0
cM 0 0 0
cN 0 0 0
cO 0 0 0
cP 0 0 0
cQ 0 0 0
cR 0 0 0
cS 0 0 0
cT 0 0 0
cU 0 0 0
cV 0 0 0
cW 0 0 0
cX 0 0 0
cY 0 0 0
cZ 0 0 0
c[ 4 3 -2
c\ 4 3 -2
c] 4 0 -1
c^ 4 3 -2
c_ -30 3 -1
c` 4 0 -1
ca 4 3 -2
cb -30 3 -1
cc -30 3 -1
cd -30 3 -1
ce -30 3 -1
cf -30 3 -1
cg -30 3 -1
ch -30 3 -1
ci 4 0 -1
cj 4 3 -2
ck -30 3 -1
cl 4 0 -1
cm -30 3 -1
cn -30 3 -1
co -30 3 -1
cp -30 3 -1
cq -30 3 -1
cr -30 4 3
cs -30 3 -1
ct -30 3 -1
cu -30 3 -1
cv -30 3 -1
cw -30 3 -1
cx -30 3 -1
cy -30 3 -1
cz -30 3 -1
c{ -30 4 3
c| 4 3 -2
c} -30 3 -1
c~ 4 3 -2
d  0 0 0
d! 4 3 -2
d" 4 3 -2
d# -30 4 3
d$ -30 3 -1
d% -30 4 3
d& -30 4 3
d' 4 0 -1
d( -30 3 -1
d) -30 3 -1
d* -30 3 -1
d+ -30 4 3
d, 4 0 -1
d- -30 4 3
d. 4 3 -2
d/ -30 3 -1
d0 0 0 0
d1 0 0 0
d2 0 0 0
d3 0 0 0
d4 0 0 0
d5 0 0 0
d6 0 0 0
d7 0 0 0
d8 0 0 0
d9 0 0 0
d: -30 3 -1
d; 4 3 -2
d< -30 4 3
d= -30 4 3
d> -30 4 3
d? -30 3 -1
d@ -30 4 3
dA 0 0 0
dB 0 0 0
dC 0 0 0
dD 0 0 0
dE 0 0 0
dF 0 0 0
dG 0 0 0
dH 0 0 0
dI 0 0 0
dJ 0 0 0
dK 0 0 0
dL 0 0 0
dM 0 0 0
dN 0 0 0
dO 0 0 0
dP 0 0 0
dQ 0 0 0
dR 0 0 0
dS 0 0 0
dT 0 0 0
dU 0 0 0
dV 0 0 0
dW 0 0 0
dX 0 0 0
dY 0 0 0
dZ 0 0 0
d[ -30 3 -1
d\ -30 4 3
d] 4 3 -2
d^ -30 3 -1
d_ -30 3 -1
d` 4 3 -2
da -30 3 -1
db -30 4 3
dc -30 4 3
dd -30 3 -1
de -30 4 3
df -30 3 -1
dg -30 4 3
dh -30 3 -1
di 4 3 -2
dj -30 3 -1
dk -30 1 4
dl -30 3 -1
dm -30 3 -1
dn -30 3 -1
do -30 3 -1
dp -30 3 -1
dq -30 4 3
dr -30 1 4
ds -30 4 3
dt -30 3 -1
du -30 4 3
dv -30 3 -1
dw -30 3 -1
dx -30 4 3
dy -30 4 3
dz -30 4 3
d{ -30 4 3
d| 4 3 -2
d} -30 4 3
d~ -30 3 -1
e  0 0 0
e! 4 0 -1
e" 4 0 -1
e# -30 3 -1
e$ -30 4 3
e% -30 3 -1
e& -30 4 3
e' 4 0 -1
e( 4 3 -2
e) 4 3 -2
e* -30 4 3
e+ -30 4 3
e, 4 0 -1
e- -30 4 3
e. 4 0 -1
e/ -30 3 -1
e0 0 0 0
e1 0 0 0
e2 0 0 0
e3 0 0 0
e4 0 0 0
e5 0 0 0
e6 0 0 0
e7 0 0 0
e8 0 0 0
e9 0 0 0
e: 4 3 -2
e; 4 0 -1
e< -30 4 3
e= -30 3 -1
e> -30 3 -1
e? 4 3 -2
e@ -30 3 -1
eA 0 0 0
eB 0 0 0
eC 0 0 0
eD 0 0 0
eE 0 0 0
eF 0 0 0
eG 0 0 0
eH 0 0 0
eI 0 0 0
eJ 0 0 0
eK 0 0 0
eL 0 0 0
eM 0 0 0
eN 0 0 0
eO 0 0 0
eP 0 0 0
eQ 0 0 0
eR 0 0 0
eS 0 0 0
eT 0 0 0
eU 0 0 0
eV 0 0 0
eW 0 0 0
eX 0 0 0
eY 0 0 0
eZ 0 0 0
e[ 4 3 -2
e\ 4 3 -2
e] 4 0 -1
e^ 4 3 -2
e_ 4 3 -2
e` 4 0 -1
ea -30 3 -1
eb -30 3 -1
ec -30 3 -1
ed -30 3 -1
ee -30 3 -1
ef -30 3 -1
eg -30 4 3
eh -30 3 -1
ei 4 0 -1
ej 4 3 -2
ek -30 4 3
el 4 0 -1
em -30 4 3
en -30 3 -1
eo -30 3 -1
ep -30 3 -1
eq -30 3 -1
er -30 3 -1
es -30 3 -1
et 4 3 -2
eu -30 3 -1
ev -30 3 -1
ew -30 3 -1
ex -30 3 -1
ey -30 4 3
ez -30 3 -1
e{ -30 4 3
e| 4 3 -2
e} -30 3 -1
e~ 4 3 -2
f  0 0 0
f! 4 0 -1
f" 4 3 -2
f# 4 3 -2
f$ -30 3 -1
f% -30 3 -1
f& -30 3 -1
f' 4 0 -1
f( -30 3 -1
f) 4 3 -2
f* -30 3 -1
f+ 4 3 -2
f, 4 0 -1
f- -30 3 -1
f. 4 0 -1
f/ 4 0 -1
f0 0 0 0
f1 0 0 0
f2 0 0 0
f3 0 0 0
f4 0 0 0
f5 0 0 0
f6 0 0 0
f7 0 0 0
f8 0 0 0
f9 0 0 0
f: 4 0 -1
f; 4 3 -2
f< -30 3 -1
f= -30 3 -1
f> -30 1 4
f? -30 4 3
f@ -30 3 -1
fA 0 0 0
fB 0 0 0
fC 0 0 0
fD 0 0 0
fE 0 0 0
fF 0 0 0
fG 0 0 0
fH 0 0 0
fI 0 0 0
fJ 0 0 0
fK 0 0 0
fL 0 0 0
fM 0 0 0
fN 0 0 0
fO 0 0 0
fP 0 0 0
fQ 0 0 0
fR 0 0 0
fS 0 0 0
fT 0 0 0
fU 0 0 0
fV 0 0 0
fW 0 0 0
fX 0 0 0
fY 0 0 0
fZ 0 0 0
f[ 4 3 -2
f\ -30 4 3
f] 4 0 -1
f^ -30 3 -1
f_ 4 0 -1
f` 4 0 -1
fa 4 0 -1
fb -30 3 -1
fc 4 0 -1
fd 4 3 -2
fe 4 3 -2
ff 4 0 -1
fg 4 0 -1
fh -30 3 -1
fi 8 0 -2
fj 4 0 -1
fk -30 3 -1
fl 4 0 -1
fm 4 0 -1
fn 4 0 -1
fo 4 0 -1
fp 4 3 -2
fq 4 0 -1
fr 4 0 -1
fs 4 0 -1
ft -30 3 -1
fu 4 3 -2
fv 4 3 -2
fw 4 0 -1
fx -30 3 -1
fy 4 3 -2
fz -30 3 -1
f{ -30 3 -1
f| 4 0 -1
f} -30 3 -1
f~ -30 3 -1
g  0 0 0
g! 4 0 -1
g" 4 0 -1
g# -30 3 -1
g$ -30 4 3
g% -30 3 -1
g& -30 4 3
g' 4 0 -1
g( 4 3 -2
g) 4 3 -2
g* -30 3 -1
g+ -30 4 3
g, 4 3 -2
g- -30 4 3
g. 4 3 -2
g/ -30 4 3
g0 0 0 0
g1 0 0 0
g2 0 0 0
g3 0 0 0
g4 0 0 0
g5 0 0 0
g6 0 0 0
g7 0 0 0
g8 0 0 0
g9 0 0 0
g: -30 3 -1
g; -30 3 -1
g< -30 4 3
g= -30 4 3
g> -30 3 -1
g? 4 3 -2
g@ -30 3 -1
gA 0 0 0
gB 0 0 0
gC 0 0 0
gD 0 0 0
gE 0 0 0
gF 0 0 0
gG 0 0 0
gH 0 0 0
gI 0 0 0
gJ 0 0 0
gK 0 0 0
gL 0 0 0
gM 0 0 0
gN 0 0 0
gO 0 0 0
gP 0 0 0
gQ 0 0 0
gR 0 0 0
gS 0 0 0
gT 0 0 0
gU 0 0 0
gV 0 0 0
gW 0 0 0
gX 0 0 0
gY 0 0 0
gZ 0 0 0
g[ 4 3 -2
g\ 4 0 -1
g] 4 3 -2
g^ 4 3 -2
g_ -30 3 -1
g` 4 0 -1
ga -30 4 3
gb -30 4 3
gc -30 3 -1
gd -30 3 -1
ge -30 3 -1
gf -30 3 -1
gg -30 4 3
gh -30 1 4
gi 4 3 -2
gj -30 4 3
gk -30 1 4
gl 4 3 -2
gm -30 4 3
gn -30 3 -1
go -30 3 -1
gp -30 1 4
gq -30 3 -1
gr -30 1 4
gs -30 4 3
gt -30 3 -1
gu -30 3 -1
gv -30 3 -1
gw -30 1 4
gx -30 3 -1
gy -30 1 4
gz -30 4 3
g{ -30 1 4
g| 4 3 -2
g} -30 4 3
g~ 4 3 -2
h  0 0 0
h! 4 0 -1
h" 4 0 -1
h# -30 4 3
h$ -30 3 -1
h% -30 3 -1
h& -30 4 3
h' 4 0 -1
h( 4 3 -2
h) 4 3 -2
h* -30 3 -1
h+ -30 4 3
h, 4 0 -1
h- -30 4 3
h. 4 3 -2
h/ -30 3 -1
h0 0 0 0
h1 0 0 0
h2 0 0 0
h3 0 0 0
h4 0 0 0
h5 0 0 0
h6 0 0 0
h7 0 0 0
h8 0 0 0
h9 0 0 0
h: 4 3 -2
h; 4 3 -2
h< -30 3 -1
h= -30 4 3
h> -30 3 -1
h? 4 3 -2
h@ -30 3 -1
hA 0 0 0
hB 0 0 0
hC 0 0 0
hD 0 0 0
hE 0 0 0
hF 0 0 0
hG 0 0 0
hH 0 0 0
hI 0 0 0
hJ 0 0 0
hK 0 0 0
hL 0 0 0
hM 0 0 0
hN 0 0 0
hO 0 0 0
hP 0 0 0
hQ 0 0 0
hR 0 0 0
hS 0 0 0
hT 0 0 0
hU 0 0 0
hV 0 0 0
hW 0 0 0
hX 0 0 0
hY 0 0 0
hZ 0 0 0
h[ 4 3 -2
h\ 4 0 -1
h] -30 3 -1
h^ 4 3 -2
h_ -30 3 -1
h` 4 0 -1
ha -30 3 -1
hb -30 4 3
hc -30 3 -1
hd -30 3 -1
he -30 4 3
hf -30 4 3
hg -30 3 -1
hh -30 3 -1
hi 4 3 -2
hj -30 3 -1
hk -30 1 4
hl 4 3 -2
hm -30 1 4
hn -30 3 -1
ho -30 4 3
hp -30 3 -1
hq -30 4 3
hr -30 1 4
hs -30 3 -1
ht 4 3 -2
hu -30 4 3
hv -30 3 -1
hw -30 1 4
hx -30 4 3
hy -30 4 3
hz -30 4 3
h{ -30 3 -1
h| 4 0 -1
h} -30 3 -1
h~ 4 3 -2
i  0 0 0
i! 4 0 -1
i" 4 0 -1
i# 4 3 -2
i$ 4 0 -1
i% 4 3 -2
i& 4 3 -2
i' 4 0 -1
i( 4 0 -1
i) 4 0 -1
i* 4 3 -2
i+ 4 3 -2
i, 4 0 -1
i- 4 3 -2
i. 4 0 -1
i/ 4 0 -1
i0 0 0 0
i1 0 0 0
i2 0 0 0
i3 0 0 0
i4 0 0 0
i5 0 0 0
i6 0 0 0
i7 0 0 0
i8 0 0 0
i9 0 0 0
i: 4 0 -1
i; 4 0 -1
i< 4 0 -1
i= 4 3 -2
i> 4 3 -2
i? 4 0 -1
i@ 4 3 -2
iA 0 0 0
iB 0 0 0
iC 0 0 0
iD 0 0 0
iE 0 0 0
iF 0 0 0
iG 0 0 0
iH 0 0 0
iI 0 0 0
iJ 0 0 0
iK 0 0 0
iL 0 0 0
iM 0 0 0
iN 0 0 0
iO 0 0 0
iP 0 0 0
iQ 0 0 0
iR 0 0 0
iS 0 0 0
iT 0 0 0
iU 0 0 0
iV 0 0 0
iW 0 0 0
iX 0 0 0
iY 0 0 0
iZ 0 0 0
i[ 4 0 -1
i\ 4 0 -1
i] 4 0 -1
i^ 4 0 -1
i_ 4 0 -1
i` 4 0 -1
ia 4 0 -1
ib 4 3 -2
ic 4 0 -1
id 4 3 -2
ie 4 3 -2
if 8 0 -2
ig 4 3 -2
ih 4 0 -1
ii 12 0 -3
ij 8 0 -2
ik 4 0 -1
il 8 0 -2
im 4 0 -1
in 4 0 -1
io 4 3 -2
ip 4 0 -1
iq 4 0 -1
ir 4 3 -2
is 4 3 -2
it 8 0 -2
iu 4 0 -1
iv 4 0 -1
iw 4 0 -1
ix 4 0 -1
iy 4 0 -1
iz 4 3 -2
i{ 4 3 -2
i| 4 0 -1
i} 4 3 -2
i~ 4 0 -1
j  0 0 0
j! 4 0 -1
j" 4 0 -1
j# 4 3 -2
j$ 4 3 -2
j% 4 3 -2
j& -30 3 -1
j' 4 0 -1
j( 4 3 -2
j) 4 0 -1
j* 4 3 -2
j+ 4 3 -2
j, 4 0 -1
j- 4 3 -2
j. 4 0 -1
j/ -30 3 -1
j0 0 0 0
j1 0 0 0
j2 0 0 0
j3 0 0 0
j4 0 0 0
j5 0 0 0
j6 0 0 0
j7 0 0 0
j8 0 0 0
j9 0 0 0
j: 4 0 -1
j; 4 0 -1
j< -30 3 -1
j= 4 3 -2
j> -30 3 -1
j? 4 3 -2
j@ -30 3 -1
jA 0 0 0
jB 0 0 0
jC 0 0 0
jD 0 0 0
jE 0 0 0
jF 0 0 0
jG 0 0 0
jH 0 0 0
jI 0 0 0
jJ 0 0 0
jK 0 0 0
jL 0 0 0
jM 0 0 0
jN 0 0 0
jO 0 0 0
jP 0 0 0
jQ 0 0 0
jR 0 0 0
jS 0 0 0
jT 0 0 0
jU 0 0 0
jV 0 0 0
jW 0 0 0
jX 0 0 0
jY 0 0 0
jZ 0 0 0
j[ 4 3 -2
j\ 4 3 -2
j] 4 0 -1
j^ 4 3 -2
j_ 4 3 -2
j` 4 0 -1
ja 4 0 -1
jb 4 3 -2
jc 4 3 -2
jd 4 0 -1
je 4 0 -1
jf 4 3 -2
jg 4 3 -2
jh 4 3 -2
ji 8 0 -2
jj 8 0 -2
jk 4 3 -2
jl 8 0 -2
jm 4 0 -1
jn 4 0 -1
jo 4 3 -2
jp 4 0 -1
jq 4 3 -2
jr 4 0 -1
js 4 0 -1
jt 8 0 -2
ju 4 0 -1
jv 4 0 -1
jw 4 0 -1
jx 4 0 -1
jy 4 3 -2
jz 4 3 -2
j{ -30 3 -1
j| 4 0 -1
j} 4 3 -2
j~ 4 3 -2
k  0 0 0
k! 4 0 -1
k" 4 0 -1
k# 4 3 -2
k$ -30 3 -1
k% -30 3 -1
k& -30 3 -1
k' 4 0 -1
k( 4 3 -2
k) 4 0 -1
k* 4 3 -2
k+ 4 0 -1
k, 4 0 -1
k- 4 3 -2
k. 4 0 -1
k/ -30 3 -1
k0 0 0 0
k1 0 0 0
k2 0 0 0
k3 0 0 0
k4 0 0 0
k5 0 0 0
k6 0 0 0
k7 0 0 0
k8 0 0 0
k9 0 0 0
k: 4 3 -2
k; 4 0 -1
k< -30 3 -1
k= 4 3 -2
k> -30 3 -1
k? 4 0 -1
k@ -30 3 -1
kA 0 0 0
kB 0 0 0
kC 0 0 0
kD 0 0 0
kE 0 0 0
kF 0 0 0
kG 0 0 0
kH 0 0 0
kI 0 0 0
kJ 0 0 0
kK 0 0 0
kL 0 0 0
kM 0 0 0
kN 0 0 0
kO 0 0 0
kP 0 0 0
kQ 0 0 0
kR 0 0 0
kS 0 0 0
kT 0 0 0
kU 0 0 0
kV 0 0 0
kW 0 0 0
kX 0 0 0
kY 0 0 0
kZ 0 0 0
k[ 4 3 -2
k\ 4 0 -1
k] 4 0 -1
k^ 4 3 -2
k_ -30 3 -1
k` 4 0 -1
ka 4 3 -2
kb -30 3 -1
kc 4 3 -2
kd 4 3 -2
ke 4 3 -2
kf 4 0 -1
kg -30 3 -1
kh -30 3 -1
ki 4 0 -1
kj -30 3 -1
kk -30 3 -1
kl 4 0 -1
km -30 3 -1
kn -30 3 -1
ko 4 3 -2
kp -30 3 -1
kq 4 3 -2
kr -30 3 -1
ks -30 3 -1
kt 4 0 -1
ku 4 3 -2
kv 4 0 -1
kw -30 3 -1
kx -30 3 -1
ky -30 3 -1
kz -30 3 -1
k{ 4 3 -2
k| 4 0 -1
k} -30 3 -1
k~ 4 0 -1
l  0 0 0
l! 4 0 -1
l" 4 0 -1
l# 4 3 -2
l$ 4 3 -2
l% -30 3 -1
l& 4 3 -2
l' 4 0 -1
l( 4 0 -1
l) 4 0 -1
l* 4 3 -2
l+ 4 0 -1
l, 4 0 -1
l- 4 0 -1
l. 4 0 -1
l/ 4 3 -2
l0 0 0 0
l1 0 0 0
l2 0 0 0
l3 0 0 0
l4 0 0 0
l5 0 0 0
l6 0 0 0
l7 0 0 0
l8 0 0 0
l9 0 0 0
l: 4 0 -1
l; 4 0 -1
l< 4 3 -2
l= 4 0 -1
l> 4 3 -2
l? 4 0 -1
l@ 4 3 -2
lA 0 0 0
lB 0 0 0
lC 0 0 0
lD 0 0 0
lE 0 0 0
lF 0 0 0
lG 0 0 0
lH 0 0 0
lI 0 0 0
lJ 0 0 0
lK 0 0 0
lL 0 0 0
lM 0 0 0
lN 0 0 0
lO 0 0 0
lP 0 0 0
lQ 0 0 0
lR 0 0 0
lS 0 0 0
lT 0 0 0
lU 0 0 0
lV 0 0 0
lW 0 0 0
lX 0 0 0
lY 0 0 0
lZ 0 0 0
l[ 4 3 -2
l\ 4 0 -1
l] 4 0 -1
l^ 4 0 -1
l_ 4 3 -2
l` 4 0 -1
la 4 0 -1
lb 4 0 -1
lc 4 0 -1
ld 4 0 -1
le 4 0 -1
lf 4 0 -1
lg 4 3 -2
lh 4 3 -2
li 8 0 -2
lj 8 0 -2
lk 4 3 -2
ll 12 0 -3
lm 4 3 -2
ln 4 0 -1
lo 4 0 -1
lp 4 3 -2
lq 4 0 -1
lr 4 3 -2
ls 4 0 -1
lt 8 0 -2
lu 4 3 -2
lv 4 0 -1
lw 4 0 -1
lx 4 0 -1
ly 4 3 -2
lz 4 0 -1
l{ 4 3 -2
l| 4 0 -1
l} 4 3 -2
l~ 4 0 -1
m  0 0 0
m! 4 0 -1
m" 4 0 -1
m# -30 4 3
m$ -30 3 -1
m% -30 3 -1
m& -30 4 3
m' 4 0 -1
m( 4 3 -2
m) 4 0 -1
m* -30 3 -1
m+ -30 4 3
m, 4 0 -1
m- -30 4 3
m. 4 3 -2
m/ -30 4 3
m0 0 0 0
m1 0 0 0
m2 0 0 0
m3 0 0 0
m4 0 0 0
m5 0 0 0
m6 0 0 0
m7 0 0 0
m8 0 0 0
m9 0 0 0
m: 4 3 -2
m; 4 3 -2
m< -30 4 3
m= -30 4 3
m> -30 3 -1
m? 4 3 -2
m@ -30 4 3
mA 0 0 0
mB 0 0 0
mC 0 0 0
mD 0 0 0
mE 0 0 0
mF 0 0 0
mG 0 0 0
mH 0 0 0
mI 0 0 0
mJ 0 0 0
mK 0 0 0
mL 0 0 0
mM 0 0 0
mN 0 0 0
mO 0 0 0
mP 0 0 0
mQ 0 0 0
mR 0 0 0
mS 0 0 0
mT 0 0 0
mU 0 0 0
mV 0 0 0
mW 0 0 0
mX 0 0 0
mY 0 0 0
mZ 0 0 0
m[ -30 3 -1
m\ 4 3 -2
m] 4 3 -2
m^ 4 3 -2
m_ -30 3 -1
m` 4 0 -1
ma -30 4 3
mb -30 3 -1
mc -30 3 -1
md -30 4 3
me -30 1 4
mf -30 4 3
mg -30 4 3
mh -30 4 3
mi 4 3 -2
mj -30 3 -1
mk -30 4 3
ml 4 3 -2
mm -30 1 4
mn -30 1 4
mo -30 1 4
mp -30 1 4
mq -30 3 -1
mr -30 1 4
ms -30 4 3
mt -30 3 -1
mu -30 3 -1
mv -30 3 -1
mw -30 1 4
mx -30 3 -1
my -30 4 3
mz -30 4 3
m{ -30 4 3
m| 4 3 -2
m} -30 3 -1
m~ 4 3 -2
n  0 0 0
n! 4 0 -1
n" 4 0 -1
n# -30 4 3
n$ -30 3 -1
n% -30 4 3
n& -30 3 -1
n' 4 0 -1
n( -30 3 -1
n) 4 3 -2
n* -30 3 -1
n+ -30 4 3
n, 4 0 -1
n- -30 3 -1
n. 4 3 -2
n/ -30 4 3
n0 0 0 0
n1 0 0 0
n2 0 0 0
n3 0 0 0
n4 0 0 0
n5 0 0 0
n6 0 0 0
n7 0 0 0
n8 0 0 0
n9 0 0 0
n: 4 3 -2
n; 4 3 -2
n< -30 1 4
n= -30 4 3
n> -30 3 -1
n? 4 3 -2
n@ -30 3 -1
nA 0 0 0
nB 0 0 0
nC 0 0 0
nD 0 0 0
nE 0 0 0
nF 0 0 0
nG 0 0 0
nH 0 0 0
nI 0 0 0
nJ 0 0 0
nK 0 0 0
nL 0 0 0
nM 0 0 0
nN 0 0 0
nO 0 0 0
nP 0 0 0
nQ 0 0 0
nR 0 0 0
nS 0 0 0
nT 0 0 0
nU 0 0 0
nV 0 0 0
nW 0 0 0
nX 0 0 0
nY 0 0 0
nZ 0 0 0
n[ 4 3 -2
n\ 4 3 -2
n] 4 3 -2
n^ 4 3 -2
n_ -30 3 -1
n` 4 0 -1
na -30 4 3
nb -30 1 4
nc -30 4 3
nd -30 4 3
ne -30 3 -1
nf -30 3 -1
ng -30 4 3
nh -30 4 3
ni 4 0 -1
nj -30 3 -1
nk -30 1 4
nl 4 3 -2
nm -30 1 4
nn -30 4 3
no -30 4 3
np -30 4 3
nq -30 3 -1
nr -30 1 4
ns -30 3 -1
nt 4 3 -2
nu -30 3 -1
nv -30 4 3
nw -30 1 4
nx -30 3 -1
ny -30 4 3
nz -30 3 -1
n{ -30 4 3
n| 4 3 -2
n} -30 3 -1
n~ 4 3 -2
o  0 0 0
o! 4 0 -1
o" 4 0 -1
o# -30 3 -1
o$ -30 3 -1
o% -30 3 -1
o& -30 4 3
o' 4 0 -1
o( 4 3 -2
o) 4 0 -1
o* -30 3 -1
o+ -30 3 -1
o, 4 0 -1
o- -30 4 3
o. 4 0 -1
o/ -30 3 -1
o0 0 0 0
o1 0 0 0
o2 0 0 0
o3 0 0 0
o4 0 0 0
o5 0 0 0
o6 0 0 0
o7 0 0 0
o8 0 0 0
o9 0 0 0
o: -30 3 -1
o; 4 3 -2
o< -30 3 -1
o= -30 4 3
o> -30 3 -1
o? 4 3 -2
o@ -30 3 -1
oA 0 0 0
oB 0 0 0
oC 0 0 0
oD 0 0 0
oE 0 0 0
oF 0 0 0
oG 0 0 0
oH 0 0 0
oI 0 0 0
oJ 0 0 0
oK 0 0 0
oL 0 0 0
oM 0 0 0
oN 0 0 0
oO 0 0 0
oP 0 0 0
oQ 0 0 0
oR 0 0 0
oS 0 0 0
oT 0 0 0
oU 0 0 0
oV 0 0 0
oW 0 0 0
oX 0 0 0
oY 0 0 0
oZ 0 0 0
o[ -30 3 -1
o\ 4 3 -2
o] 4 0 -1
o^ 4 3 -2
o_ 4 3 -2
o` 4 0 -1
oa -30 3 -1
ob -30 4 3
oc -30 3 -1
od -30 3 -1
oe -30 3 -1
of -30 3 -1
og -30 4 3
oh -30 4 3
oi 4 0 -1
oj 4 3 -2
ok -30 4 3
ol 4 0 -1
om -30 4 3
on -30 3 -1
oo -30 4 3
op -30 4 3
oq -30 3 -1
or -30 1 4
os -30 4 3
ot 4 3 -2
ou -30 4 3
ov -30 3 -1
ow -30 3 -1
ox -30 3 -1
oy -30 4 3
oz -30 4 3
o{ -30 4 3
o| -30 3 -1
o} -30 3 -1
o~ 4 3 -2
p  0 0 0
p! 4 0 -1
p" 4 0 -1
p# -30 4 3
p$ -30 3 -1
p% -30 3 -1
p& -30 3 -1
p' 4 0 -1
p( 4 3 -2
p) 4 0 -1
p* -30 3 -1
p+ -30 3 -1
p, 4 0 -1
p- -30 4 3
p. 4 0 -1
p/ 4 3 -2
p0 0 0 0
p1 0 0 0
p2 0 0 0
p3 0 0 0
p4 0 0 0
p5 0 0 0
p6 0 0 0
p7 0 0 0
p8 0 0 0
p9 0 0 0
p: 4 3 -2
p; 4 3 -2
p< -30 3 -1
p= -30 4 3
p> -30 3 -1
p? 4 3 -2
p@ -30 3 -1
pA 0 0 0
pB 0 0 0
pC 0 0 0
pD 0 0 0
pE 0 0 0
pF 0 0 0
pG 0 0 0
pH 0 0 0
pI 0 0 0
pJ 0 0 0
pK 0 0 0
pL 0 0 0
pM 0 0 0
pN 0 0 0
pO 0 0 0
pP 0 0 0
pQ 0 0 0
pR 0 0 0
pS 0 0 0
pT 0 0 0
pU 0 0 0
pV 0 0 0
pW 0 0 0
pX 0 0 0
pY 0 0 0
pZ 0 0 0
p[ -30 3 -1
p\ 4 3 -2
p] 4 0 -1
p^ 4 3 -2
p_ 4 0 -1
p` 4 0 -1
pa -30 3 -1
pb -30 3 -1
pc -30 4 3
pd -30 4 3
pe -30 4 3
pf -30 3 -1
pg -30 3 -1
ph -30 4 3
pi 4 0 -1
pj 4 0 -1
pk -30 4 3
pl 4 0 -1
pm -30 4 3
pn -30 3 -1
po -30 3 -1
pp -30 4 3
pq -30 3 -1
pr -30 4 3
ps -30 3 -1
pt -30 3 -1
pu -30 4 3
pv -30 3 -1
pw -30 1 4
px -30 4 3
py -30 4 3
pz -30 3 -1
p{ -30 3 -1
p| 4 0 -1
p} 4 3 -2
p~ 4 3 -2
q  0 0 0
q! 4 0 -1
q" 4 3 -2
q# -30 4 3
q$ -30 3 -1
q% -30 4 3
q& -30 4 3
q' 4 0 -1
q( -30 3 -1
q) 4 3 -2
q* -30 4 3
q+ -30 4 3
q, 4 3 -2
q- -30 4 3
q. 4 3 -2
q/ -30 3 -1
q0 0 0 0
q1 0 0 0
q2 0 0 0
q3 0 0 0
q4 0 0 0
q5 0 0 0
q6 0 0 0
q7 0 0 0
q8 0 0 0
q9 0 0 0
q: 4 3 -2
q; -30 3 -1
q< -30 4 3
q= -30 4 3
q> -30 3 -1
q? -30 3 -1
q@ -30 4 3
qA 0 0 0
qB 0 0 0
qC 0 0 0
qD 0 0 0
qE 0 0 0
qF 0 0 0
qG 0 0 0
qH 0 0 0
qI 0 0 0
qJ 0 0 0
qK 0 0 0
qL 0 0 0
qM 0 0 0
qN 0 0 0
qO 0 0 0
qP 0 0 0
qQ 0 0 0
qR 0 0 0
qS 0 0 0
qT 0 0 0
qU 0 0 0
qV 0 0 0
qW 0 0 0
qX 0 0 0
qY 0 0 0
qZ 0 0 0
q[ -30 3 -1
q\ 4 3 -2
q] 4 3 -2
q^ -30 3 -1
q_ -30 3 -1
q` 4 0 -1
qa -30 3 -1
qb -30 4 3
qc -30 4 3
qd -30 4 3
qe -30 4 3
qf -30 3 -1
qg -30 1 4
qh -30 1 4
qi 4 3 -2
qj -30 4 3
qk -30 1 4
ql 4 3 -2
qm -30 1 4
qn -30 1 4
qo -30 3 -1
qp -30 4 3
qq -30 4 3
qr -30 1 4
qs -30 4 3
qt -30 3 -1
qu -30 4 3
qv -30 4 3
qw -30 3 -1
qx -30 4 3
qy -30 1 4
qz -30 4 3
q{ -30 4 3
q| 4 0 -1
q} -30 4 3
q~ -30 3 -1
r  0 0 0
r! 4 0 -1
r" 4 0 -1
r# -30 3 -1
r$ -30 3 -1
r% 4 3 -2
r& -30 3 -1
r' 4 0 -1
r( 4 3 -2
r) 4 0 -1
r* -30 3 -1
r+ -30 4 3
r, 4 0 -1
r- -30 4 3
r. 4 0 -1
r/ 4 3 -2
r0 0 0 0
r1 0 0 0
r2 0 0 0
r3 0 0 0
r4 0 0 0
r5 0 0 0
r6 0 0 0
r7 0 0 0
r8 0 0 0
r9 0 0 0
r: 4 3 -2
r; 4 0 -1
r< -30 3 -1
r= -30 3 -1
r> 4 3 -2
r? 4 3 -2
r@ -30 3 -1
rA 0 0 0
rB 0 0 0
rC 0 0 0
rD 0 0 0
rE 0 0 0
rF 0 0 0
rG 0 0 0
rH 0 0 0
rI 0 0 0
rJ 0 0 0
rK 0 0 0
rL 0 0 0
rM 0 0 0
rN 0 0 0
rO 0 0 0
rP 0 0 0
rQ 0 0 0
rR 0 0 0
rS 0 0 0
rT 0 0 0
rU 0 0 0
rV 0 0 0
rW 0 0 0
rX 0 0 0
rY 0 0 0
rZ 0 0 0
r[ -30 3 -1
r\ 4 3 -2
r] 4 0 -1
r^ 4 3 -2
r_ 4 0 -1
r` 4 0 -1
ra 4 0 -1
rb -30 3 -1
rc -30 3 -1
rd -30 3 -1
re -30 3 -1
rf 4 3 -2
rg -30 4 3
rh -30 4 3
ri 4 0 -1
rj 4 0 -1
rk -30 3 -1
rl 4 0 -1
rm -30 3 -1
rn -30 3 -1
ro -30 3 -1
rp -30 3 -1
rq -30 3 -1
rr -30 3 -1
rs 4 3 -2
rt 4 3 -2
ru 4 3 -2
rv -30 3 -1
rw -30 3 -1
rx 4 3 -2
ry -30 3 -1
rz 4 3 -2
r{ -30 4 3
r| 4 0 -1
r} 4 3 -2
r~ 4 3 -2
s  0 0 0
s! 4 0 -1
s" 4 0 -1
s# -30 4 3
s$ -30 4 3
s% -30 4 3
s& -30 4 3
s' 4 0 -1
s( -30 3 -1
s) 4 0 -1
s* -30 3 -1
s+ -30 4 3
s, 4 0 -1
s- -30 4 3
s. 4 0 -1
s/ -30 3 -1
s0 0 0 0
s1 0 0 0
s2 0 0 0
s3 0 0 0
s4 0 0 0
s5 0 0 0
s6 0 0 0
s7 0 0 0
s8 0 0 0
s9 0 0 0
s: 4 3 -2
s; 4 0 -1
s< -30 4 3
s= -30 4 3
s> -30 3 -1
s? 4 3 -2
s@ -30 3 -1
sA 0 0 0
sB 0 0 0
sC 0 0 0
sD 0 0 0
sE 0 0 0
sF 0 0 0
sG 0 0 0
sH 0 0 0
sI 0 0 0
sJ 0 0 0
sK 0 0 0
sL 0 0 0
sM 0 0 0
sN 0 0 0
sO 0 0 0
sP 0 0 0
sQ 0 0 0
sR 0 0 0
sS 0 0 0
sT 0 0 0
sU 0 0 0
sV 0 0 0
sW 0 0 0
sX 0 0 0
sY 0 0 0
sZ 0 0 0
s[ -30 3 -1
s\ 4 3 -2
s] 4 0 -1
s^ 4 3 -2
s_ 4 3 -2
s` 4 0 -1
sa -30 3 -1
sb -30 4 3
sc -30 3 -1
sd -30 4 3
se -30 4 3
sf 4 3 -2
sg -30 4 3
sh -30 4 3
si 4 0 -1
sj 4 3 -2
sk -30 3 -1
sl 4 0 -1
sm -30 4 3
sn -30 1 4
so -30 4 3
sp -30 4 3
sq -30 3 -1
sr -30 1 4
ss -30 4 3
st 4 3 -2
su -30 4 3
sv -30 3 -1
sw -30 3 -1
sx -30 3 -1
sy -30 4 3
sz -30 3 -1
s{ -30 4 3
s| 4 0 -1
s} -30 3 -1
s~ 4 3 -2
t  0 0 0
t! 4 0 -1
t" 4 0 -1
t# -30 3 -1
t$ -30 3 -1
t% -30 3 -1
t& -30 3 -1
t' 4 0 -1
t( 4 3 -2
t) 4 0 -1
t* -30 3 -1
t+ -30 3 -1
t, 4 0 -1
t- -30 3 -1
t. 4 0 -1
t/ -30 3 -1
t0 0 0 0
t1 0 0 0
t2 0 0 0
t3 0 0 0
t4 0 0 0
t5 0 0 0
t6 0 0 0
t7 0 0 0
t8 0 0 0
t9 0 0 0
t: 4 3 -2
t; 4 0 -1
t< -30 3 -1
t= -30 3 -1
t> -30 3 -1
t? 4 3 -2
t@ -30 3 -1
tA 0 0 0
tB 0 0 0
tC 0 0 0
tD 0 0 0
tE 0 0 0
tF 0 0 0
tG 0 0 0
tH 0 0 0
tI 0 0 0
tJ 0 0 0
tK 0 0 0
tL 0 0 0
tM 0 0 0
tN 0 0 0
tO 0 0 0
tP 0 0 0
tQ 0 0 0
tR 0 0 0
tS 0 0 0
tT 0 0 0
tU 0 0 0
tV 0 0 0
tW 0 0 0
tX 0 0 0
tY 0 0 0
tZ 0 0 0
t[ -30 3 -1
t\ 4 0 -1
t] 4 0 -1
t^ 4 3 -2
t_ 4 3 -2
t` 4 0 -1
ta 4 3 -2
tb -30 3 -1
tc 4 3 -2
td 4 3 -2
te 4 3 -2
tf 4 3 -2
tg -30 3 -1
th -30 3 -1
ti 8 0 -2
tj -30 3 -1
tk -30 3 -1
tl 4 0 -1
tm -30 3 -1
tn -30 3 -1
to 4 3 -2
tp -30 3 -1
tq -30 3 -1
tr 4 3 -2
ts -30 3 -1
tt 4 3 -2
tu -30 3 -1
tv 4 0 -1
tw -30 3 -1
tx 4 3 -2
ty -30 3 -1
tz -30 3 -1
t{ -30 3 -1
t| 4 0 -1
t} -30 3 -1
t~ 4 3 -2
u  0 0 0
u! 4 0 -1
u" 4 0 -1
u# -30 4 3
u$ -30 3 -1
u% -30 3 -1
u& -30 4 3
u' 4 0 -1
u( -30 3 -1
u) 4 3 -2
u* -30 4 3
u+ -30 4 3
u, 4 0 -1
u- -30 4 3
u. 4 0 -1
u/ -30 3 -1
u0 0 0 0
u1 0 0 0
u2 0 0 0
u3 0 0 0
u4 0 0 0
u5 0 0 0
u6 0 0 0
u7 0 0 0
u8 0 0 0
u9 0 0 0
u: 4 3 -2
u; 4 3 -2
u< -30 4 3
u= -30 4 3
u> -30 3 -1
u? -30 3 -1
u@ -30 3 -1
uA 0 0 0
uB 0 0 0
uC 0 0 0
uD 0 0 0
uE 0 0 0
uF 0 0 0
uG 0 0 0
uH 0 0 0
uI 0 0 0
uJ 0 0 0
uK 0 0 0
uL 0 0 0
uM 0 0 0
uN 0 0 0
uO 0 0 0
uP 0 0 0
uQ 0 0 0
uR 0 0 0
uS 0 0 0
uT 0 0 0
uU 0 0 0
uV 0 0 0
uW 0 0 0
uX 0 0 0
uY 0 0 0
uZ 0 0 0
u[ -30 3 -1
u\ 4 3 -2
u] 4 3 -2
u^ -30 3 -1
u_ -30 3 -1
u` 4 0 -1
ua -30 3 -1
ub -30 4 3
uc -30 4 3
ud -30 4 3
ue -30 4 3
uf -30 3 -1
ug -30 4 3
uh -30 3 -1
ui 4 3 -2
uj -30 3 -1
uk -30 4 3
ul 4 0 -1
um -30 1 4
un -30 3 -1
uo -30 1 4
up -30 4 3
uq -30 3 -1
ur -30 1 4
us -30 4 3
ut -30 3 -1
uu -30 3 -1
uv -30 3 -1
uw -30 4 3
ux -30 3 -1
uy -30 4 3
uz -30 4 3
u{ -30 4 3
u| 4 0 -1
u} -30 3 -1
u~ 4 3 -2
v  0 0 0
v! 4 0 -1
v" 4 0 -1
v# -30 3 -1
v$ -30 4 3
v% -30 3 -1
v& -30 3 -1
v' 4 0 -1
v( -30 3 -1
v) 4 0 -1
v* -30 4 3
v+ -30 3 -1
v, 4 0 -1
v- -30 4 3
v. 4 0 -1
v/ 4 3 -2
v0 0 0 0
v1 0 0 0
v2 0 0 0
v3 0 0 0
v4 0 0 0
v5 0 0 0
v6 0 0 0
v7 0 0 0
v8 0 0 0
v9 0 0 0
v: 4 3 -2
v; 4 3 -2
v< -30 4 3
v= -30 3 -1
v> -30 3 -1
v? -30 3 -1
v@ -30 3 -1
vA 0 0 0
vB 0 0 0
vC 0 0 0
vD 0 0 0
vE 0 0 0
vF 0 0 0
vG 0 0 0
vH 0 0 0
vI 0 0 0
vJ 0 0 0
vK 0 0 0
vL 0 0 0
vM 0 0 0
vN 0 0 0
vO 0 0 0
vP 0 0 0
vQ 0 0 0
vR 0 0 0
vS 0 0 0
vT 0 0 0
vU 0 0 0
vV 0 0 0
vW 0 0 0
vX 0 0 0
vY 0 0 0
vZ 0 0 0
v[ -30 3 -1
v\ 4 3 -2
v] 4 0 -1
v^ -30 3 -1
v_ 4 0 -1
v` 4 0 -1
va 4 3 -2
vb -30 4 3
vc -30 3 -1
vd -30 4 3
ve -30 4 3
vf -30 3 -1
vg -30 3 -1
vh -30 4 3
vi 4 0 -1
vj 4 0 -1
vk -30 4 3
vl 4 3 -2
vm -30 4 3
vn -30 4 3
vo -30 4 3
vp -30 4 3
vq -30 4 3
vr -30 3 -1
vs -30 4 3
vt 4 3 -2
vu -30 4 3
vv -30 4 3
vw -30 4 3
vx 4 4 2
vy -30 4 3
vz 4 3 -2
v{ -30 4 3
v| 4 0 -1
v} 4 3 -2
v~ -30 3 -1
w  0 0 0
w! 4 0 -1
w" 4 0 -1
w# -30 4 3
w$ -30 4 3
w% -30 3 -1
w& -30 4 3
w' 4 0 -1
w( -30 3 -1
w) 4 3 -2
w* -30 4 3
w+ -30 4 3
w, 4 0 -1
w- -30 4 3
w. 4 0 -1
w/ -30 3 -1
w0 0 0 0
w1 0 0 0
w2 0 0 0
w3 0 0 0
w4 0 0 0
w5 0 0 0
w6 0 0 0
w7 0 0 0
w8 0 0 0
w9 0 0 0
w: -30 3 -1
w; -30 3 -1
w< -30 4 3
w= -30 4 3
w> -30 4 3
w? -30 3 -1
w@ -30 4 3
wA 0 0 0
wB 0 0 0
wC 0 0 0
wD 0 0 0
wE 0 0 0
wF 0 0 0
wG 0 0 0
wH 0 0 0
wI 0 0 0
wJ 0 0 0
wK 0 0 0
wL 0 0 0
wM 0 0 0
wN 0 0 0
wO 0 0 0
wP 0 0 0
wQ 0 0 0
wR 0 0 0
wS 0 0 0
wT 0 0 0
wU 0 0 0
wV 0 0 0
wW 0 0 0
wX 0 0 0
wY 0 0 0
wZ 0 0 0
w[ -30 3 -1
w\ 4 3 -2
w] 4 3 -2
w^ -30 3 -1
w_ 4 3 -2
w` 4 0 -1
wa -30 4 3
wb -30 4 3
wc -30 3 -1
wd -30 3 -1
we -30 4 3
wf -30 3 -1
wg -30 4 3
wh -30 4 3
wi 4 0 -1
wj 4 3 -2
wk -30 4 3
wl 4 0 -1
wm -30 1 4
wn -30 1 4
wo -30 4 3
wp -30 4 3
wq -30 1 4
wr -30 1 4
ws -30 4 3
wt -30 3 -1
wu -30 4 3
wv -30 4 3
ww -30 1 4
wx -30 3 -1
wy -30 4 3
wz -30 3 -1
w{ -30 4 3
w| 4 0 -1
w} -30 3 -1
w~ -30 3 -1
x  0 0 0
x! 4 0 -1
x" 4 0 -1
x# -30 4 3
x$ -30 3 -1
x% -30 3 -1
x& -30 4 3
x' 4 0 -1
x( -30 3 -1
x) 4 3 -2
x* -30 4 3
x+ -30 3 -1
x, 4 0 -1
x- -30 3 -1
x. 4 0 -1
x/ -30 3 -1
x0 0 0 0
x1 0 0 0
x2 0 0 0
x3 0 0 0
x4 0 0 0
x5 0 0 0
x6 0 0 0
x7 0 0 0
x8 0 0 0
x9 0 0 0
x: 4 3 -2
x; 4 3 -2
x< -30 3 -1
x= -30 3 -1
x> -30 3 -1
x? -30 3 -1
x@ -30 3 -1
xA 0 0 0
xB 0 0 0
xC 0 0 0
xD 0 0 0
xE 0 0 0
xF 0 0 0
xG 0 0 0
xH 0 0 0
xI 0 0 0
xJ 0 0 0
xK 0 0 0
xL 0 0 0
xM 0 0 0
xN 0 0 0
xO 0 0 0
xP 0 0 0
xQ 0 0 0
xR 0 0 0
xS 0 0 0
xT 0 0 0
xU 0 0 0
xV 0 0 0
xW 0 0 0
xX 0 0 0
xY 0 0 0
xZ 0 0 0
x[ -30 3 -1
x\ 4 3 -2
x] 4 3 -2
x^ -30 3 -1
x_ -30 3 -1
x` 4 0 -1
xa 4 3 -2
xb -30 4 3
xc 4 3 -2
xd -30 3 -1
xe 4 3 -2
xf 4 3 -2
xg -30 3 -1
xh -30 4 3
xi 4 0 -1
xj -30 3 -1
xk -30 3 -1
xl 4 0 -1
xm -30 4 3
xn -30 3 -1
xo -30 3 -1
xp -30 4 3
xq 4 3 -2
xr -30 4 3
xs -30 3 -1
xt 4 3 -2
xu -30 3 -1
xv 4 3 -2
xw -30 3 -1
xx 4 3 -2
xy 4 3 -2
xz -30 3 -1
x{ -30 4 3
x| 4 0 -1
x} -30 3 -1
x~ -30 3 -1
y  0 0 0
y! 4 0 -1
y" 4 0 -1
y# -30 4 3
y$ -30 3 -1
y% -30 4 3
y& -30 4 3
y' 4 0 -1
y( -30 3 -1
y) 4 3 -2
y* -30 4 3
y+ -30 3 -1
y, 4 3 -2
y- -30 4 3
y. 4 3 -2
y/ -30 3 -1
y0 0 0 0
y1 0 0 0
y2 0 0 0
y3 0 0 0
y4 0 0 0
y5 0 0 0
y6 0 0 0
y7 0 0 0
y8 0 0 0
y9 0 0 0
y: 4 3 -2
y; 4 3 -2
y< -30 4 3
y= -30 4 3
y> -30 3 -1
y? -30 3 -1
y@ -30 3 -1
yA 0 0 0
yB 0 0 0
yC 0 0 0
yD 0 0 0
yE 0 0 0
yF 0 0 0
yG 0 0 0
yH 0 0 0
yI 0 0 0
yJ 0 0 0
yK 0 0 0
yL 0 0 0
yM 0 0 0
yN 0 0 0
yO 0 0 0
yP 0 0 0
yQ 0 0 0
yR 0 0 0
yS 0 0 0
yT 0 0 0
yU 0 0 0
yV 0 0 0
yW 0 0 0
yX 0 0 0
yY 0 0 0
yZ 0 0 0
y[ -30 3 -1
y\ 4 3 -2
y] 4 0 -1
y^ -30 3 -1
y_ -30 3 -1
y` 4 0 -1
ya -30 4 3
yb -30 4 3
yc -30 3 -1
yd -30 4 3
ye -30 3 -1
yf -30 3 -1
yg -30 1 4
yh -30 4 3
yi 4 3 -2
yj -30 4 3
yk -30 4 3
yl 4 0 -1
ym -30 1 4
yn -30 3 -1
yo -30 3 -1
yp -30 4 3
yq -30 3 -1
yr -30 3 -1
ys -30 4 3
yt 4 3 -2
yu -30 4 3
yv -30 3 -1
yw -30 1 4
yx -30 3 -1
yy -30 4 3
yz -30 4 3
y{ -30 4 3
y| 4 0 -1
y} -30 4 3
y~ -30 3 -1
z  0 0 0
z! 4 0 -1
z" 4 0 -1
z# -30 4 3
z$ -30 3 -1
z% -30 3 -1
z& -30 4 3
z' 4 0 -1
z( -30 3 -1
z) 4 0 -1
z* -30 4 3
z+ -30 3 -1
z, 4 0 -1
z- -30 3 -1
z. 4 0 -1
z/ -30 3 -1
z0 0 0 0
z1 0 0 0
z2 0 0 0
z3 0 0 0
z4 0 0 0
z5 0 0 0
z6 0 0 0
z7 0 0 0
z8 0 0 0
z9 0 0 0
z: 4 3 -2
z; 4 0 -1
z< -30 4 3
z= -30 3 -1
z> -30 3 -1
z? -30 3 -1
z@ -30 3 -1
zA 0 0 0
zB 0 0 0
zC 0 0 0
zD 0 0 0
zE 0 0 0
zF 0 0 0
zG 0 0 0
zH 0 0 0
zI 0 0 0
zJ 0 0 0
zK 0 0 0
zL 0 0 0
zM 0 0 0
zN 0 0 0
zO 0 0 0
zP 0 0 0
zQ 0 0 0
zR 0 0 0
zS 0 0 0
zT 0 0 0
zU 0 0 0
zV 0 0 0
zW 0 0 0
zX 0 0 0
zY 0 0 0
zZ 0 0 0
z[ -30 3 -1
z\ 4 3 -2
z] 4 0 -1
z^ -30 3 -1
z_ -30 3 -1
z` 4 0 -1
za 4 3 -2
zb -30 4 3
zc -30 3 -1
zd -30 3 -1
ze -30 3 -1
zf 4 3 -2
zg 4 3 -2
zh -30 4 3
zi 4 0 -1
zj 4 3 -2
zk -30 4 3
zl 4 0 -1
zm -30 3 -1
zn -30 3 -1
zo -30 3 -1
zp -30 3 -1
zq 4 3 -2
zr -30 3 -1
zs -30 3 -1
zt 4 3 -2
zu -30 3 -1
zv 4 3 -2
zw -30 3 -1
zx 4 3 -2
zy 4 3 -2
zz -30 3 -1
z{ -30 4 3
z| 4 0 -1
z} -30 3 -1
z~ -30 3 -1
{  0 0 0
{! -30 3 -1
{" -30 3 -1
{# 4 3 -2
{$ 4 0 -1
{% -30 3 -1
{& -30 3 -1
{' 4 0 -1
{( -30 3 -1
{) -30 3 -1
{* 4 3 -2
{+ 4 3 -2
{, 4 3 -2
{- 4 0 -1
{. 4 3 -2
{/ -30 3 -1
{0 0 0 0
{1 0 0 0
{2 0 0 0
{3 0 0 0
{4 0 0 0
{5 0 0 0
{6 0 0 0
{7 0 0 0
{8 0 0 0
{9 0 0 0
{: 4 3 -2
{; -30 3 -1
{< 4 3 -2
{= 4 3 -2
{> -30 1 4
{? 4 3 -2
{@ -30 3 -1
{A 0 0 0
{B 0 0 0
{C 0 0 0
{D 0 0 0
{E 0 0 0
{F 0 0 0
{G 0 0 0
{H 0 0 0
{I 0 0 0
{J 0 0 0
{K 0 0 0
{L 0 0 0
{M 0 0 0
{N 0 0 0
{O 0 0 0
{P 0 0 0
{Q 0 0 0
{R 0 0 0
{S 0 0 0
{T 0 0 0
{U 0 0 0
{V 0 0 0
{W 0 0 0
{X 0 0 0
{Y 0 0 0
{Z 0 0 0
{[ -30 3 -1
{\ -30 3 -1
{] -30 3 -1
{^ 4 3 -2
{_ -30 3 -1
{` 4 0 -1
{a 4 3 -2
{b -30 3 -1
{c 4 3 -2
{d 4 3 -2
{e 4 3 -2
{f 4 0 -1
{g -30 3 -1
{h -30 3 -1
{i 4 3 -2
{j -30 3 -1
{k -30 3 -1
{l -30 3 -1
{m 4 3 -2
{n 4 3 -2
{o 4 3 -2
{p -30 3 -1
{q 4 0 -1
{r -30 3 -1
{s 4 3 -2
{t 4 0 -1
{u 4 3 -2
{v 4 0 -1
{w 4 3 -2
{x -30 3 -1
{y -30 3 -1
{z -30 3 -1
{{ 4 0 -1
{| 4 0 -1
{} -30 1 4
{~ 4 3 -2
|  0 0 0
|! 4 0 -1
|" 4 0 -1
|# 4 0 -1
|$ 4 0 -1
|% 4 0 -1
|& 4 0 -1
|' 4 0 -1
|( 4 0 -1
|) 4 3 -2
|* 4 3 -2
|+ 4 0 -1
|, 4 0 -1
|- 4 0 -1
|. 4 0 -1
|/ 4 0 -1
|0 0 0 0
|1 0 0 0
|2 0 0 0
|3 0 0 0
|4 0 0 0
|5 0 0 0
|6 0 0 0
|7 0 0 0
|8 0 0 0
|9 0 0 0
|: 4 0 -1
|; 4 0 -1
|< 4 3 -2
|= 4 0 -1
|> -30 3 -1
|? 4 0 -1
|@ 4 0 -1
|A 0 0 0
|B 0 0 0
|C 0 0 0
|D 0 0 0
|E 0 0 0
|F 0 0 0
|G 0 0 0
|H 0 0 0
|I 0 0 0
|J 0 0 0
|K 0 0 0
|L 0 0 0
|M 0 0 0
|N 0 0 0
|O 0 0 0
|P 0 0 0
|Q 0 0 0
|R 0 0 0
|S 0 0 0
|T 0 0 0
|U 0 0 0
|V 0 0 0
|W 0 0 0
|X 0 0 0
|Y 0 0 0
|Z 0 0 0
|[ 4 0 -1
|\ 4 0 -1
|] 4 0 -1
|^ 4 0 -1
|_ 4 0 -1
|` 4 0 -1
|a 4 0 -1
|b 4 3 -2
|c 4 0 -1
|d 4 0 -1
|e 4 0 -1
|f 4 0 -1
|g 4 0 -1
|h 4 3 -2
|i 4 0 -1
|j 4 0 -1
|k 4 3 -2
|l 4 0 -1
|m 4 0 -1
|n 4 0 -1
|o 4 0 -1
|p 4 0 -1
|q 4 0 -1
|r 4 0 -1
|s 4 0 -1
|t 4 0 -1
|u 4 0 -1
|v 4 0 -1
|w 4 0 -1
|x 4 0 -1
|y 4 0 -1
|z 4 0 -1
|{ 4 0 -1
|| 4 0 -1
|} 4 3 -2
|~ 4 0 -1
}  0 0 0
}! 4 3 -2
}" 4 0 -1
}# -30 4 3
}$ -30 1 4
}% -30 3 -1
}& -30 4 3
}' 4 0 -1
}( -30 1 4
}) -30 3 -1
}* -30 3 -1
}+ -30 4 3
}, 4 0 -1
}- -30 4 3
}. 4 0 -1
}/ 4 3 -2
}0 0 0 0
}1 0 0 0
}2 0 0 0
}3 0 0 0
}4 0 0 0
}5 0 0 0
}6 0 0 0
}7 0 0 0
}8 0 0 0
}9 0 0 0
}: -30 3 -1
}; -30 3 -1
}< -30 4 3
}= -30 4 3
}> -30 3 -1
}? -30 3 -1
}@ -30 3 -1
}A 0 0 0
}B 0 0 0
}C 0 0 0
}D 0 0 0
}E 0 0 0
}F 0 0 0
}G 0 0 0
}H 0 0 0
}I 0 0 0
}J 0 0 0
}K 0 0 0
}L 0 0 0
}M 0 0 0
}N 0 0 0
}O 0 0 0
}P 0 0 0
}Q 0 0 0
}R 0 0 0
}S 0 0 0
}T 0 0 0
}U 0 0 0
}V 0 0 0
}W 0 0 0
}X 0 0 0
}Y 0 0 0
}Z 0 0 0
}[ -30 3 -1
}\ -30 3 -1
}] -30 3 -1
}^ -30 3 -1
}_ 4 3 -2
}` 4 0 -1
}a -30 3 -1
}b -30 4 3
}c -30 4 3
}d -30 4 3
}e -30 4 3
}f -30 1 4
}g -30 4 3
}h -30 4 3
}i -30 3 -1
}j 4 3 -2
}k -30 4 3
}l -30 3 -1
}m -30 4 3
}n -30 4 3
}o -30 3 -1
}p -30 4 3
}q -30 3 -1
}r -30 4 3
}s -30 4 3
}t -30 1 4
}u -30 4 3
}v -30 1 4
}w -30 1 4
}x -30 1 4
}y -30 4 3
}z -30 4 3
}{ -30 3 -1
}| 4 0 -1
}} 4 0 -1
}~ 4 3 -2
~  0 0 0
~! 4 0 -1
~" -30 3 -1
~# 4 3 -2
~$ 4 3 -2
~% -30 3 -1
~& 4 3 -2
~' 4 3 -2
~( 4 3 -2
~) -30 3 -1
~* -30 4 3
~+ 4 3 -2
~, 4 0 -1
~- 4 3 -2
~. 4 0 -1
~/ 4 0 -1
~0 0 0 0
~1 0 0 0
~2 0 0 0
~3 0 0 0
~4 0 0 0
~5 0 0 0
~6 0 0 0
~7 0 0 0
~8 0 0 0
~9 0 0 0
~: 4 0 -1
~; 4 0 -1
~< -30 3 -1
~= 4 3 -2
~> -30 4 3
~? -30 4 3
~@ -30 4 3
~A 0 0 0
~B 0 0 0
~C 0 0 0
~D 0 0 0
~E 0 0 0
~F 0 0 0
~G 0 0 0
~H 0 0 0
~I 0 0 0
~J 0 0 0
~K 0 0 0
~L 0 0 0
~M 0 0 0
~N 0 0 0
~O 0 0 0
~P 0 0 0
~Q 0 0 0
~R 0 0 0
~S 0 0 0
~T 0 0 0
~U 0 0 0
~V 0 0 0
~W 0 0 0
~X 0 0 0
~Y 0 0 0
~Z 0 0 0
~[ -30 3 -1
~\ -30 4 3
~] -30 3 -1
~^ -30 4 3
~_ 4 0 -1
~` 4 3 -2
~a 4 0 -1
~b -30 3 -1
~c 4 0 -1
~d 4 0 -1
~e 4 0 -1
~f 4 0 -1
~g 4 0 -1
~h -30 3 -1
~i 4 0 -1
~j 4 0 -1
~k -30 3 -1
~l 4 3 -2
~m 4 0 -1
~n 4 0 -1
~o 4 0 -1
~p 4 0 -1
~q 4 0 -1
~r 4 0 -1
~s 4 0 -1
~t 4 3 -2
~u 4 0 -1
~v 4 0 -1
~w 4 0 -1
~x 4 0 -1
~y 4 0 -1
~z 4 0 -1
~{ -30 3 -1
~| 4 0 -1
~} -30 1 4
~~ 4 3 -2
